-1.50000000e+01  0.00000000e+00 -1.50000000e+01 -1.50000000e-03 
-1.49000000e+01  0.00000000e+00 -1.49000000e+01 -1.49000000e-03 
-1.48000000e+01  0.00000000e+00 -1.48000000e+01 -1.48000000e-03 
-1.47000000e+01  0.00000000e+00 -1.47000000e+01 -1.47000000e-03 
-1.46000000e+01  0.00000000e+00 -1.46000000e+01 -1.46000000e-03 
-1.45000000e+01  0.00000000e+00 -1.45000000e+01 -1.45000000e-03 
-1.44000000e+01  0.00000000e+00 -1.44000000e+01 -1.44000000e-03 
-1.43000000e+01  0.00000000e+00 -1.43000000e+01 -1.43000000e-03 
-1.42000000e+01  0.00000000e+00 -1.42000000e+01 -1.42000000e-03 
-1.41000000e+01  0.00000000e+00 -1.41000000e+01 -1.41000000e-03 
-1.40000000e+01  0.00000000e+00 -1.40000000e+01 -1.40000000e-03 
-1.39000000e+01  0.00000000e+00 -1.39000000e+01 -1.39000000e-03 
-1.38000000e+01  0.00000000e+00 -1.38000000e+01 -1.38000000e-03 
-1.37000000e+01  0.00000000e+00 -1.37000000e+01 -1.37000000e-03 
-1.36000000e+01  0.00000000e+00 -1.36000000e+01 -1.36000000e-03 
-1.35000000e+01  0.00000000e+00 -1.35000000e+01 -1.35000000e-03 
-1.34000000e+01  0.00000000e+00 -1.34000000e+01 -1.34000000e-03 
-1.33000000e+01  0.00000000e+00 -1.33000000e+01 -1.33000000e-03 
-1.32000000e+01  0.00000000e+00 -1.32000000e+01 -1.32000000e-03 
-1.31000000e+01  0.00000000e+00 -1.31000000e+01 -1.31000000e-03 
-1.30000000e+01  0.00000000e+00 -1.30000000e+01 -1.30000000e-03 
-1.29000000e+01  0.00000000e+00 -1.29000000e+01 -1.29000000e-03 
-1.28000000e+01  0.00000000e+00 -1.28000000e+01 -1.28000000e-03 
-1.27000000e+01  0.00000000e+00 -1.27000000e+01 -1.27000000e-03 
-1.26000000e+01  0.00000000e+00 -1.26000000e+01 -1.26000000e-03 
-1.25000000e+01  0.00000000e+00 -1.25000000e+01 -1.25000000e-03 
-1.24000000e+01  0.00000000e+00 -1.24000000e+01 -1.24000000e-03 
-1.23000000e+01  0.00000000e+00 -1.23000000e+01 -1.23000000e-03 
-1.22000000e+01  0.00000000e+00 -1.22000000e+01 -1.22000000e-03 
-1.21000000e+01  0.00000000e+00 -1.21000000e+01 -1.21000000e-03 
-1.20000000e+01  0.00000000e+00 -1.20000000e+01 -1.20000000e-03 
-1.19000000e+01  0.00000000e+00 -1.19000000e+01 -1.19000000e-03 
-1.18000000e+01  0.00000000e+00 -1.18000000e+01 -1.18000000e-03 
-1.17000000e+01  0.00000000e+00 -1.17000000e+01 -1.17000000e-03 
-1.16000000e+01  0.00000000e+00 -1.16000000e+01 -1.16000000e-03 
-1.15000000e+01  0.00000000e+00 -1.15000000e+01 -1.15000000e-03 
-1.14000000e+01  0.00000000e+00 -1.14000000e+01 -1.14000000e-03 
-1.13000000e+01  0.00000000e+00 -1.13000000e+01 -1.13000000e-03 
-1.12000000e+01  0.00000000e+00 -1.12000000e+01 -1.12000000e-03 
-1.11000000e+01  0.00000000e+00 -1.11000000e+01 -1.11000000e-03 
-1.10000000e+01  0.00000000e+00 -1.10000000e+01 -1.10000000e-03 
-1.09000000e+01  0.00000000e+00 -1.09000000e+01 -1.09000000e-03 
-1.08000000e+01  0.00000000e+00 -1.08000000e+01 -1.08000000e-03 
-1.07000000e+01  0.00000000e+00 -1.07000000e+01 -1.07000000e-03 
-1.06000000e+01  0.00000000e+00 -1.06000000e+01 -1.06000000e-03 
-1.05000000e+01  0.00000000e+00 -1.05000000e+01 -1.05000000e-03 
-1.04000000e+01  0.00000000e+00 -1.04000000e+01 -1.04000000e-03 
-1.03000000e+01  0.00000000e+00 -1.03000000e+01 -1.03000000e-03 
-1.02000000e+01  0.00000000e+00 -1.02000000e+01 -1.02000000e-03 
-1.01000000e+01  0.00000000e+00 -1.01000000e+01 -1.01000000e-03 
-1.00000000e+01  0.00000000e+00 -1.00000000e+01 -1.00000000e-03 
-9.90000000e+00  0.00000000e+00 -9.90000000e+00 -9.90000000e-04 
-9.80000000e+00  0.00000000e+00 -9.80000000e+00 -9.80000000e-04 
-9.70000000e+00  0.00000000e+00 -9.70000000e+00 -9.70000000e-04 
-9.60000000e+00  0.00000000e+00 -9.60000000e+00 -9.60000000e-04 
-9.50000000e+00  0.00000000e+00 -9.50000000e+00 -9.50000000e-04 
-9.40000000e+00  0.00000000e+00 -9.40000000e+00 -9.40000000e-04 
-9.30000000e+00  0.00000000e+00 -9.30000000e+00 -9.30000000e-04 
-9.20000000e+00  0.00000000e+00 -9.20000000e+00 -9.20000000e-04 
-9.10000000e+00  0.00000000e+00 -9.10000000e+00 -9.10000000e-04 
-9.00000000e+00  0.00000000e+00 -9.00000000e+00 -9.00000000e-04 
-8.90000000e+00  0.00000000e+00 -8.90000000e+00 -8.90000000e-04 
-8.80000000e+00  0.00000000e+00 -8.80000000e+00 -8.80000000e-04 
-8.70000000e+00  0.00000000e+00 -8.70000000e+00 -8.70000000e-04 
-8.60000000e+00  0.00000000e+00 -8.60000000e+00 -8.60000000e-04 
-8.50000000e+00  0.00000000e+00 -8.50000000e+00 -8.50000000e-04 
-8.40000000e+00  0.00000000e+00 -8.40000000e+00 -8.40000000e-04 
-8.30000000e+00  0.00000000e+00 -8.30000000e+00 -8.30000000e-04 
-8.20000000e+00  0.00000000e+00 -8.20000000e+00 -8.20000000e-04 
-8.10000000e+00  0.00000000e+00 -8.10000000e+00 -8.10000000e-04 
-8.00000000e+00  0.00000000e+00 -8.00000000e+00 -8.00000000e-04 
-7.90000000e+00  0.00000000e+00 -7.90000000e+00 -7.90000000e-04 
-7.80000000e+00  0.00000000e+00 -7.80000000e+00 -7.80000000e-04 
-7.70000000e+00  0.00000000e+00 -7.70000000e+00 -7.70000000e-04 
-7.60000000e+00  0.00000000e+00 -7.60000000e+00 -7.60000000e-04 
-7.50000000e+00  0.00000000e+00 -7.50000000e+00 -7.50000000e-04 
-7.40000000e+00  0.00000000e+00 -7.40000000e+00 -7.40000000e-04 
-7.30000000e+00  0.00000000e+00 -7.30000000e+00 -7.30000000e-04 
-7.20000000e+00  0.00000000e+00 -7.20000000e+00 -7.20000000e-04 
-7.10000000e+00  0.00000000e+00 -7.10000000e+00 -7.10000000e-04 
-7.00000000e+00  0.00000000e+00 -7.00000000e+00 -7.00000000e-04 
-6.90000000e+00  0.00000000e+00 -6.90000000e+00 -6.90000000e-04 
-6.80000000e+00  0.00000000e+00 -6.80000000e+00 -6.80000000e-04 
-6.70000000e+00  0.00000000e+00 -6.70000000e+00 -6.70000000e-04 
-6.60000000e+00  0.00000000e+00 -6.60000000e+00 -6.60000000e-04 
-6.50000000e+00  0.00000000e+00 -6.50000000e+00 -6.50000000e-04 
-6.40000000e+00  0.00000000e+00 -6.40000000e+00 -6.40000000e-04 
-6.30000000e+00  0.00000000e+00 -6.30000000e+00 -6.30000000e-04 
-6.20000000e+00  0.00000000e+00 -6.20000000e+00 -6.20000000e-04 
-6.10000000e+00  0.00000000e+00 -6.10000000e+00 -6.10000000e-04 
-6.00000000e+00  0.00000000e+00 -6.00000000e+00 -6.00000000e-04 
-5.90000000e+00  0.00000000e+00 -5.90000000e+00 -5.90000000e-04 
-5.80000000e+00  0.00000000e+00 -5.80000000e+00 -5.80000000e-04 
-5.70000000e+00  0.00000000e+00 -5.70000000e+00 -5.70000000e-04 
-5.60000000e+00  0.00000000e+00 -5.60000000e+00 -5.60000000e-04 
-5.50000000e+00  0.00000000e+00 -5.50000000e+00 -5.50000000e-04 
-5.40000000e+00  0.00000000e+00 -5.40000000e+00 -5.40000000e-04 
-5.30000000e+00  0.00000000e+00 -5.30000000e+00 -5.30000000e-04 
-5.20000000e+00  0.00000000e+00 -5.20000000e+00 -5.20000000e-04 
-5.10000000e+00  0.00000000e+00 -5.10000000e+00 -5.10000000e-04 
-5.00000000e+00  0.00000000e+00 -5.00000000e+00 -5.00000000e-04 
-4.90000000e+00  0.00000000e+00 -4.90000000e+00 -4.90000000e-04 
-4.80000000e+00  0.00000000e+00 -4.80000000e+00 -4.80000000e-04 
-4.70000000e+00  0.00000000e+00 -4.70000000e+00 -4.70000000e-04 
-4.60000000e+00  0.00000000e+00 -4.60000000e+00 -4.60000000e-04 
-4.50000000e+00  0.00000000e+00 -4.50000000e+00 -4.50000000e-04 
-4.40000000e+00  0.00000000e+00 -4.40000000e+00 -4.40000000e-04 
-4.30000000e+00  0.00000000e+00 -4.30000000e+00 -4.30000000e-04 
-4.20000000e+00  0.00000000e+00 -4.20000000e+00 -4.20000000e-04 
-4.10000000e+00  0.00000000e+00 -4.10000000e+00 -4.10000000e-04 
-4.00000000e+00  0.00000000e+00 -4.00000000e+00 -4.00000000e-04 
-3.90000000e+00  0.00000000e+00 -3.90000000e+00 -3.90000000e-04 
-3.80000000e+00  0.00000000e+00 -3.80000000e+00 -3.80000000e-04 
-3.70000000e+00  0.00000000e+00 -3.70000000e+00 -3.70000000e-04 
-3.60000000e+00  0.00000000e+00 -3.60000000e+00 -3.60000000e-04 
-3.50000000e+00  0.00000000e+00 -3.50000000e+00 -3.50000000e-04 
-3.40000000e+00  0.00000000e+00 -3.40000000e+00 -3.40000000e-04 
-3.30000000e+00  0.00000000e+00 -3.30000000e+00 -3.30000000e-04 
-3.20000000e+00  0.00000000e+00 -3.20000000e+00 -3.20000000e-04 
-3.10000000e+00  0.00000000e+00 -3.10000000e+00 -3.10000000e-04 
-3.00000000e+00  0.00000000e+00 -3.00000000e+00 -3.00000000e-04 
-2.90000000e+00  0.00000000e+00 -2.90000000e+00 -2.90000000e-04 
-2.80000000e+00  0.00000000e+00 -2.80000000e+00 -2.80000000e-04 
-2.70000000e+00  0.00000000e+00 -2.70000000e+00 -2.70000000e-04 
-2.60000000e+00  0.00000000e+00 -2.60000000e+00 -2.60000000e-04 
-2.50000000e+00  0.00000000e+00 -2.50000000e+00 -2.50000000e-04 
-2.40000000e+00  0.00000000e+00 -2.40000000e+00 -2.40000000e-04 
-2.30000000e+00  0.00000000e+00 -2.30000000e+00 -2.30000000e-04 
-2.20000000e+00  0.00000000e+00 -2.20000000e+00 -2.20000000e-04 
-2.10000000e+00  0.00000000e+00 -2.10000000e+00 -2.10000000e-04 
-2.00000000e+00  0.00000000e+00 -2.00000000e+00 -2.00000000e-04 
-1.90000000e+00  0.00000000e+00 -1.90000000e+00 -1.90000000e-04 
-1.80000000e+00  0.00000000e+00 -1.80000000e+00 -1.80000000e-04 
-1.70000000e+00  0.00000000e+00 -1.70000000e+00 -1.70000000e-04 
-1.60000000e+00  0.00000000e+00 -1.60000000e+00 -1.60000000e-04 
-1.50000000e+00  0.00000000e+00 -1.50000000e+00 -1.50000000e-04 
-1.40000000e+00  0.00000000e+00 -1.40000000e+00 -1.40000000e-04 
-1.30000000e+00  0.00000000e+00 -1.30000000e+00 -1.30000000e-04 
-1.20000000e+00  0.00000000e+00 -1.20000000e+00 -1.20000000e-04 
-1.10000000e+00  0.00000000e+00 -1.10000000e+00 -1.10000000e-04 
-1.00000000e+00  0.00000000e+00 -1.00000000e+00 -1.00000000e-04 
-9.00000000e-01  0.00000000e+00 -9.00000000e-01 -9.00000000e-05 
-8.00000000e-01  0.00000000e+00 -8.00000000e-01 -8.00000000e-05 
-7.00000000e-01  0.00000000e+00 -7.00000000e-01 -7.00000000e-05 
-6.00000000e-01  0.00000000e+00 -6.00000000e-01 -6.00000000e-05 
-5.00000000e-01  0.00000000e+00 -5.00000000e-01 -5.00000000e-05 
-4.00000000e-01  0.00000000e+00 -4.00000000e-01 -4.00000000e-05 
-3.00000000e-01  0.00000000e+00 -3.00000000e-01 -3.00000000e-05 
-2.00000000e-01  0.00000000e+00 -2.00000000e-01 -2.00000000e-05 
-1.00000000e-01  0.00000000e+00 -1.00000000e-01 -1.00000000e-05 
-3.65540931e-14  0.00000000e+00 -3.65540931e-14 -3.65540931e-18 
 1.00000000e-01  0.00000000e+00  1.00000000e-01  1.00000000e-05 
 2.00000000e-01  0.00000000e+00  2.00000000e-01  2.00000000e-05 
 3.00000000e-01  0.00000000e+00  3.00000000e-01  3.00000000e-05 
 4.00000000e-01  0.00000000e+00  4.00000000e-01  4.00000000e-05 
 5.00000000e-01  0.00000000e+00  5.00000000e-01  5.00000000e-05 
 6.00000000e-01  0.00000000e+00  6.00000000e-01  6.00000000e-05 
 7.00000000e-01  0.00000000e+00  7.00000000e-01  7.00000000e-05 
 8.00000000e-01  0.00000000e+00  8.00000000e-01  8.00000000e-05 
 9.00000000e-01  0.00000000e+00  9.00000000e-01  9.00000000e-05 
 1.00000000e+00  0.00000000e+00  1.00000000e+00  1.00000000e-04 
 1.10000000e+00  0.00000000e+00  1.10000000e+00  1.10000000e-04 
 1.20000000e+00  0.00000000e+00  1.20000000e+00  1.20000000e-04 
 1.30000000e+00  0.00000000e+00  1.30000000e+00  1.30000000e-04 
 1.40000000e+00  0.00000000e+00  1.40000000e+00  1.40000000e-04 
 1.50000000e+00  0.00000000e+00  1.50000000e+00  1.50000000e-04 
 1.60000000e+00  0.00000000e+00  1.60000000e+00  1.60000000e-04 
 1.70000000e+00  0.00000000e+00  1.70000000e+00  1.70000000e-04 
 1.80000000e+00  0.00000000e+00  1.80000000e+00  1.80000000e-04 
 1.90000000e+00  0.00000000e+00  1.90000000e+00  1.90000000e-04 
 2.00000000e+00  0.00000000e+00  2.00000000e+00  2.00000000e-04 
 2.10000000e+00  0.00000000e+00  2.10000000e+00  2.10000000e-04 
 2.20000000e+00  0.00000000e+00  2.20000000e+00  2.20000000e-04 
 2.30000000e+00  0.00000000e+00  2.30000000e+00  2.30000000e-04 
 2.40000000e+00  0.00000000e+00  2.40000000e+00  2.40000000e-04 
 2.50000000e+00  0.00000000e+00  2.50000000e+00  2.50000000e-04 
 2.60000000e+00  0.00000000e+00  2.60000000e+00  2.60000000e-04 
 2.70000000e+00  0.00000000e+00  2.70000000e+00  2.70000000e-04 
 2.80000000e+00  0.00000000e+00  2.80000000e+00  2.80000000e-04 
 2.90000000e+00  0.00000000e+00  2.90000000e+00  2.90000000e-04 
 3.00000000e+00  0.00000000e+00  3.00000000e+00  3.00000000e-04 
 3.10000000e+00  0.00000000e+00  3.10000000e+00  3.10000000e-04 
 3.20000000e+00  0.00000000e+00  3.20000000e+00  3.20000000e-04 
 3.30000000e+00  0.00000000e+00  3.30000000e+00  3.30000000e-04 
 3.40000000e+00  0.00000000e+00  3.40000000e+00  3.40000000e-04 
 3.50000000e+00  0.00000000e+00  3.50000000e+00  3.50000000e-04 
 3.60000000e+00  0.00000000e+00  3.60000000e+00  3.60000000e-04 
 3.70000000e+00  0.00000000e+00  3.70000000e+00  3.70000000e-04 
 3.80000000e+00  0.00000000e+00  3.80000000e+00  3.80000000e-04 
 3.90000000e+00  0.00000000e+00  3.90000000e+00  3.90000000e-04 
 4.00000000e+00  0.00000000e+00  4.00000000e+00  4.00000000e-04 
 4.10000000e+00  0.00000000e+00  4.10000000e+00  4.10000000e-04 
 4.20000000e+00  0.00000000e+00  4.20000000e+00  4.20000000e-04 
 4.30000000e+00  0.00000000e+00  4.30000000e+00  4.30000000e-04 
 4.40000000e+00  0.00000000e+00  4.40000000e+00  4.40000000e-04 
 4.50000000e+00  0.00000000e+00  4.50000000e+00  4.50000000e-04 
 4.60000000e+00  0.00000000e+00  4.60000000e+00  4.60000000e-04 
 4.70000000e+00  0.00000000e+00  4.70000000e+00  4.70000000e-04 
 4.80000000e+00  0.00000000e+00  4.80000000e+00  4.80000000e-04 
 4.90000000e+00  0.00000000e+00  4.90000000e+00  4.90000000e-04 
 5.00000000e+00  0.00000000e+00  5.00000000e+00  5.00000000e-04 
 5.10000000e+00  0.00000000e+00  5.10000000e+00  5.10000000e-04 
 5.20000000e+00  0.00000000e+00  5.20000000e+00  5.20000000e-04 
 5.30000000e+00  0.00000000e+00  5.30000000e+00  5.30000000e-04 
 5.40000000e+00  0.00000000e+00  5.40000000e+00  5.40000000e-04 
 5.50000000e+00  0.00000000e+00  5.50000000e+00  5.50000000e-04 
 5.60000000e+00  0.00000000e+00  5.60000000e+00  5.60000000e-04 
 5.70000000e+00  0.00000000e+00  5.70000000e+00  5.70000000e-04 
 5.80000000e+00  0.00000000e+00  5.80000000e+00  5.80000000e-04 
 5.90000000e+00  0.00000000e+00  5.90000000e+00  5.90000000e-04 
 6.00000000e+00  0.00000000e+00  6.00000000e+00  6.00000000e-04 
 6.10000000e+00  0.00000000e+00  6.10000000e+00  6.10000000e-04 
 6.20000000e+00  0.00000000e+00  6.20000000e+00  6.20000000e-04 
 6.30000000e+00  0.00000000e+00  6.30000000e+00  6.30000000e-04 
 6.40000000e+00  0.00000000e+00  6.40000000e+00  6.40000000e-04 
 6.50000000e+00  0.00000000e+00  6.50000000e+00  6.50000000e-04 
 6.60000000e+00  0.00000000e+00  6.60000000e+00  6.60000000e-04 
 6.70000000e+00  0.00000000e+00  6.70000000e+00  6.70000000e-04 
 6.80000000e+00  0.00000000e+00  6.80000000e+00  6.80000000e-04 
 6.90000000e+00  0.00000000e+00  6.90000000e+00  6.90000000e-04 
 7.00000000e+00  0.00000000e+00  7.00000000e+00  7.00000000e-04 
 7.10000000e+00  0.00000000e+00  7.10000000e+00  7.10000000e-04 
 7.20000000e+00  0.00000000e+00  7.20000000e+00  7.20000000e-04 
 7.30000000e+00  0.00000000e+00  7.30000000e+00  7.30000000e-04 
 7.40000000e+00  0.00000000e+00  7.40000000e+00  7.40000000e-04 
 7.50000000e+00  0.00000000e+00  7.50000000e+00  7.50000000e-04 
 7.60000000e+00  0.00000000e+00  7.60000000e+00  7.60000000e-04 
 7.70000000e+00  0.00000000e+00  7.70000000e+00  7.70000000e-04 
 7.80000000e+00  0.00000000e+00  7.80000000e+00  7.80000000e-04 
 7.90000000e+00  0.00000000e+00  7.90000000e+00  7.90000000e-04 
 8.00000000e+00  0.00000000e+00  8.00000000e+00  8.00000000e-04 
 8.10000000e+00  0.00000000e+00  8.10000000e+00  8.10000000e-04 
 8.20000000e+00  0.00000000e+00  8.20000000e+00  8.20000000e-04 
 8.30000000e+00  0.00000000e+00  8.30000000e+00  8.30000000e-04 
 8.40000000e+00  0.00000000e+00  8.40000000e+00  8.40000000e-04 
 8.50000000e+00  0.00000000e+00  8.50000000e+00  8.50000000e-04 
 8.60000000e+00  0.00000000e+00  8.60000000e+00  8.60000000e-04 
 8.70000000e+00  0.00000000e+00  8.70000000e+00  8.70000000e-04 
 8.80000000e+00  0.00000000e+00  8.80000000e+00  8.80000000e-04 
 8.90000000e+00  0.00000000e+00  8.90000000e+00  8.90000000e-04 
 9.00000000e+00  0.00000000e+00  9.00000000e+00  9.00000000e-04 
 9.10000000e+00  0.00000000e+00  9.10000000e+00  9.10000000e-04 
 9.20000000e+00  0.00000000e+00  9.20000000e+00  9.20000000e-04 
 9.30000000e+00  0.00000000e+00  9.30000000e+00  9.30000000e-04 
 9.40000000e+00  0.00000000e+00  9.40000000e+00  9.40000000e-04 
 9.50000000e+00  0.00000000e+00  9.50000000e+00  9.50000000e-04 
 9.60000000e+00  0.00000000e+00  9.60000000e+00  9.60000000e-04 
 9.70000000e+00  0.00000000e+00  9.70000000e+00  9.70000000e-04 
 9.80000000e+00  0.00000000e+00  9.80000000e+00  9.80000000e-04 
 9.90000000e+00  0.00000000e+00  9.90000000e+00  9.90000000e-04 
 1.00000000e+01  0.00000000e+00  1.00000000e+01  1.00000000e-03 
 1.01000000e+01  0.00000000e+00  1.01000000e+01  1.01000000e-03 
 1.02000000e+01  0.00000000e+00  1.02000000e+01  1.02000000e-03 
 1.03000000e+01  0.00000000e+00  1.03000000e+01  1.03000000e-03 
 1.04000000e+01  0.00000000e+00  1.04000000e+01  1.04000000e-03 
 1.05000000e+01  0.00000000e+00  1.05000000e+01  1.05000000e-03 
 1.06000000e+01  0.00000000e+00  1.06000000e+01  1.06000000e-03 
 1.07000000e+01  0.00000000e+00  1.07000000e+01  1.07000000e-03 
 1.08000000e+01  0.00000000e+00  1.08000000e+01  1.08000000e-03 
 1.09000000e+01  0.00000000e+00  1.09000000e+01  1.09000000e-03 
 1.10000000e+01  0.00000000e+00  1.10000000e+01  1.10000000e-03 
 1.11000000e+01  0.00000000e+00  1.11000000e+01  1.11000000e-03 
 1.12000000e+01  0.00000000e+00  1.12000000e+01  1.12000000e-03 
 1.13000000e+01  0.00000000e+00  1.13000000e+01  1.13000000e-03 
 1.14000000e+01  0.00000000e+00  1.14000000e+01  1.14000000e-03 
 1.15000000e+01  0.00000000e+00  1.15000000e+01  1.15000000e-03 
 1.16000000e+01  0.00000000e+00  1.16000000e+01  1.16000000e-03 
 1.17000000e+01  0.00000000e+00  1.17000000e+01  1.17000000e-03 
 1.18000000e+01  0.00000000e+00  1.18000000e+01  1.18000000e-03 
 1.19000000e+01  0.00000000e+00  1.19000000e+01  1.19000000e-03 
 1.20000000e+01  0.00000000e+00  1.20000000e+01  1.20000000e-03 
 1.21000000e+01  0.00000000e+00  1.21000000e+01  1.21000000e-03 
 1.22000000e+01  0.00000000e+00  1.22000000e+01  1.22000000e-03 
 1.23000000e+01  0.00000000e+00  1.23000000e+01  1.23000000e-03 
 1.24000000e+01  0.00000000e+00  1.24000000e+01  1.24000000e-03 
 1.25000000e+01  0.00000000e+00  1.25000000e+01  1.25000000e-03 
 1.26000000e+01  0.00000000e+00  1.26000000e+01  1.26000000e-03 
 1.27000000e+01  0.00000000e+00  1.27000000e+01  1.27000000e-03 
 1.28000000e+01  0.00000000e+00  1.28000000e+01  1.28000000e-03 
 1.29000000e+01  0.00000000e+00  1.29000000e+01  1.29000000e-03 
 1.30000000e+01  0.00000000e+00  1.30000000e+01  1.30000000e-03 
 1.31000000e+01  0.00000000e+00  1.31000000e+01  1.31000000e-03 
 1.32000000e+01  0.00000000e+00  1.32000000e+01  1.32000000e-03 
 1.33000000e+01  0.00000000e+00  1.33000000e+01  1.33000000e-03 
 1.34000000e+01  0.00000000e+00  1.34000000e+01  1.34000000e-03 
 1.35000000e+01  0.00000000e+00  1.35000000e+01  1.35000000e-03 
 1.36000000e+01  0.00000000e+00  1.36000000e+01  1.36000000e-03 
 1.37000000e+01  0.00000000e+00  1.37000000e+01  1.37000000e-03 
 1.38000000e+01  0.00000000e+00  1.38000000e+01  1.38000000e-03 
 1.39000000e+01  0.00000000e+00  1.39000000e+01  1.39000000e-03 
 1.40000000e+01  0.00000000e+00  1.40000000e+01  1.40000000e-03 
 1.41000000e+01  0.00000000e+00  1.41000000e+01  1.41000000e-03 
 1.42000000e+01  0.00000000e+00  1.42000000e+01  1.42000000e-03 
 1.43000000e+01  0.00000000e+00  1.43000000e+01  1.43000000e-03 
 1.44000000e+01  0.00000000e+00  1.44000000e+01  1.44000000e-03 
 1.45000000e+01  0.00000000e+00  1.45000000e+01  1.45000000e-03 
 1.46000000e+01  0.00000000e+00  1.46000000e+01  1.46000000e-03 
 1.47000000e+01  0.00000000e+00  1.47000000e+01  1.47000000e-03 
 1.48000000e+01  0.00000000e+00  1.48000000e+01  1.48000000e-03 
 1.49000000e+01  0.00000000e+00  1.49000000e+01  1.49000000e-03 
 1.50000000e+01  0.00000000e+00  1.50000000e+01  1.50000000e-03 
