 0.00000000e+00  2.40000000e-03 
 1.00000000e-07  2.40000000e-03 
 2.00000000e-07  2.40000000e-03 
 4.00000000e-07  2.40000000e-03 
 8.00000000e-07  2.40000000e-03 
 1.60000000e-06  2.40000000e-03 
 3.20000000e-06  2.40000000e-03 
 6.40000000e-06  2.40000000e-03 
 1.28000000e-05  2.40000000e-03 
 2.28000000e-05  2.40000000e-03 
 3.28000000e-05  2.40000000e-03 
 4.28000000e-05  2.40000000e-03 
 5.28000000e-05  2.40000000e-03 
 6.28000000e-05  2.40000000e-03 
 7.28000000e-05  2.40000000e-03 
 8.28000000e-05  2.40000000e-03 
 9.28000000e-05  2.40000000e-03 
 1.02800000e-04  2.40000000e-03 
 1.12800000e-04  2.40000000e-03 
 1.22800000e-04  2.40000000e-03 
 1.32800000e-04  2.40000000e-03 
 1.42800000e-04  2.40000000e-03 
 1.52800000e-04  2.40000000e-03 
 1.62800000e-04  2.40000000e-03 
 1.72800000e-04  2.40000000e-03 
 1.82800000e-04  2.40000000e-03 
 1.92800000e-04  2.40000000e-03 
 2.02800000e-04  2.40000000e-03 
 2.12800000e-04  2.40000000e-03 
 2.22800000e-04  2.40000000e-03 
 2.32800000e-04  2.40000000e-03 
 2.42800000e-04  2.40000000e-03 
 2.52800000e-04  2.40000000e-03 
 2.62800000e-04  2.40000000e-03 
 2.72800000e-04  2.40000000e-03 
 2.82800000e-04  2.40000000e-03 
 2.92800000e-04  2.40000000e-03 
 3.02800000e-04  2.40000000e-03 
 3.12800000e-04  2.40000000e-03 
 3.22800000e-04  2.40000000e-03 
 3.32800000e-04  2.40000000e-03 
 3.42800000e-04  2.40000000e-03 
 3.52800000e-04  2.40000000e-03 
 3.62800000e-04  2.40000000e-03 
 3.72800000e-04  2.40000000e-03 
 3.82800000e-04  2.40000000e-03 
 3.92800000e-04  2.40000000e-03 
 4.02800000e-04  2.40000000e-03 
 4.12800000e-04  2.40000000e-03 
 4.22800000e-04  2.40000000e-03 
 4.32800000e-04  2.40000000e-03 
 4.42800000e-04  2.40000000e-03 
 4.52800000e-04  2.40000000e-03 
 4.62800000e-04  2.40000000e-03 
 4.72800000e-04  2.40000000e-03 
 4.82800000e-04  2.40000000e-03 
 4.92800000e-04  2.40000000e-03 
 5.02800000e-04  2.40000000e-03 
 5.12800000e-04  2.40000000e-03 
 5.22800000e-04  2.40000000e-03 
 5.32800000e-04  2.40000000e-03 
 5.42800000e-04  2.40000000e-03 
 5.52800000e-04  2.40000000e-03 
 5.62800000e-04  2.40000000e-03 
 5.72800000e-04  2.40000000e-03 
 5.82800000e-04  2.40000000e-03 
 5.92800000e-04  2.40000000e-03 
 6.02800000e-04  2.40000000e-03 
 6.12800000e-04  2.40000000e-03 
 6.22800000e-04  2.40000000e-03 
 6.32800000e-04  2.40000000e-03 
 6.42800000e-04  2.40000000e-03 
 6.52800000e-04  2.40000000e-03 
 6.62800000e-04  2.40000000e-03 
 6.72800000e-04  2.40000000e-03 
 6.82800000e-04  2.40000000e-03 
 6.92800000e-04  2.40000000e-03 
 7.02800000e-04  2.40000000e-03 
 7.12800000e-04  2.40000000e-03 
 7.22800000e-04  2.40000000e-03 
 7.32800000e-04  2.40000000e-03 
 7.42800000e-04  2.40000000e-03 
 7.52800000e-04  2.40000000e-03 
 7.62800000e-04  2.40000000e-03 
 7.72800000e-04  2.40000000e-03 
 7.82800000e-04  2.40000000e-03 
 7.92800000e-04  2.40000000e-03 
 8.02800000e-04  2.40000000e-03 
 8.12800000e-04  2.40000000e-03 
 8.22800000e-04  2.40000000e-03 
 8.32800000e-04  2.40000000e-03 
 8.42800000e-04  2.40000000e-03 
 8.52800000e-04  2.40000000e-03 
 8.62800000e-04  2.40000000e-03 
 8.72800000e-04  2.40000000e-03 
 8.82800000e-04  2.40000000e-03 
 8.92800000e-04  2.40000000e-03 
 9.02800000e-04  2.40000000e-03 
 9.12800000e-04  2.40000000e-03 
 9.22800000e-04  2.40000000e-03 
 9.32800000e-04  2.40000000e-03 
 9.42800000e-04  2.40000000e-03 
 9.52800000e-04  2.40000000e-03 
 9.62800000e-04  2.40000000e-03 
 9.72800000e-04  2.40000000e-03 
 9.82800000e-04  2.40000000e-03 
 9.92800000e-04  2.40000000e-03 
 1.00280000e-03  2.40000000e-03 
 1.01280000e-03  2.40000000e-03 
 1.02280000e-03  2.40000000e-03 
 1.03280000e-03  2.40000000e-03 
 1.04280000e-03  2.40000000e-03 
 1.05280000e-03  2.40000000e-03 
 1.06280000e-03  2.40000000e-03 
 1.07280000e-03  2.40000000e-03 
 1.08280000e-03  2.40000000e-03 
 1.09280000e-03  2.40000000e-03 
 1.10280000e-03  2.40000000e-03 
 1.11280000e-03  2.40000000e-03 
 1.12280000e-03  2.40000000e-03 
 1.13280000e-03  2.40000000e-03 
 1.14280000e-03  2.40000000e-03 
 1.15280000e-03  2.40000000e-03 
 1.16280000e-03  2.40000000e-03 
 1.17280000e-03  2.40000000e-03 
 1.18280000e-03  2.40000000e-03 
 1.19280000e-03  2.40000000e-03 
 1.20280000e-03  2.40000000e-03 
 1.21280000e-03  2.40000000e-03 
 1.22280000e-03  2.40000000e-03 
 1.23280000e-03  2.40000000e-03 
 1.24280000e-03  2.40000000e-03 
 1.25280000e-03  2.40000000e-03 
 1.26280000e-03  2.40000000e-03 
 1.27280000e-03  2.40000000e-03 
 1.28280000e-03  2.40000000e-03 
 1.29280000e-03  2.40000000e-03 
 1.30280000e-03  2.40000000e-03 
 1.31280000e-03  2.40000000e-03 
 1.32280000e-03  2.40000000e-03 
 1.33280000e-03  2.40000000e-03 
 1.34280000e-03  2.40000000e-03 
 1.35280000e-03  2.40000000e-03 
 1.36280000e-03  2.40000000e-03 
 1.37280000e-03  2.40000000e-03 
 1.38280000e-03  2.40000000e-03 
 1.39280000e-03  2.40000000e-03 
 1.40280000e-03  2.40000000e-03 
 1.41280000e-03  2.40000000e-03 
 1.42280000e-03  2.40000000e-03 
 1.43280000e-03  2.40000000e-03 
 1.44280000e-03  2.40000000e-03 
 1.45280000e-03  2.40000000e-03 
 1.46280000e-03  2.40000000e-03 
 1.47280000e-03  2.40000000e-03 
 1.48280000e-03  2.40000000e-03 
 1.49280000e-03  2.40000000e-03 
 1.50280000e-03  2.40000000e-03 
 1.51280000e-03  2.40000000e-03 
 1.52280000e-03  2.40000000e-03 
 1.53280000e-03  2.40000000e-03 
 1.54280000e-03  2.40000000e-03 
 1.55280000e-03  2.40000000e-03 
 1.56280000e-03  2.40000000e-03 
 1.57280000e-03  2.40000000e-03 
 1.58280000e-03  2.40000000e-03 
 1.59280000e-03  2.40000000e-03 
 1.60280000e-03  2.40000000e-03 
 1.61280000e-03  2.40000000e-03 
 1.62280000e-03  2.40000000e-03 
 1.63280000e-03  2.40000000e-03 
 1.64280000e-03  2.40000000e-03 
 1.65280000e-03  2.40000000e-03 
 1.66280000e-03  2.40000000e-03 
 1.67280000e-03  2.40000000e-03 
 1.68280000e-03  2.40000000e-03 
 1.69280000e-03  2.40000000e-03 
 1.70280000e-03  2.40000000e-03 
 1.71280000e-03  2.40000000e-03 
 1.72280000e-03  2.40000000e-03 
 1.73280000e-03  2.40000000e-03 
 1.74280000e-03  2.40000000e-03 
 1.75280000e-03  2.40000000e-03 
 1.76280000e-03  2.40000000e-03 
 1.77280000e-03  2.40000000e-03 
 1.78280000e-03  2.40000000e-03 
 1.79280000e-03  2.40000000e-03 
 1.80280000e-03  2.40000000e-03 
 1.81280000e-03  2.40000000e-03 
 1.82280000e-03  2.40000000e-03 
 1.83280000e-03  2.40000000e-03 
 1.84280000e-03  2.40000000e-03 
 1.85280000e-03  2.40000000e-03 
 1.86280000e-03  2.40000000e-03 
 1.87280000e-03  2.40000000e-03 
 1.88280000e-03  2.40000000e-03 
 1.89280000e-03  2.40000000e-03 
 1.90280000e-03  2.40000000e-03 
 1.91280000e-03  2.40000000e-03 
 1.92280000e-03  2.40000000e-03 
 1.93280000e-03  2.40000000e-03 
 1.94280000e-03  2.40000000e-03 
 1.95280000e-03  2.40000000e-03 
 1.96280000e-03  2.40000000e-03 
 1.97280000e-03  2.40000000e-03 
 1.98280000e-03  2.40000000e-03 
 1.99280000e-03  2.40000000e-03 
 2.00280000e-03  2.40000000e-03 
 2.01280000e-03  2.40000000e-03 
 2.02280000e-03  2.40000000e-03 
 2.03280000e-03  2.40000000e-03 
 2.04280000e-03  2.40000000e-03 
 2.05280000e-03  2.40000000e-03 
 2.06280000e-03  2.40000000e-03 
 2.07280000e-03  2.40000000e-03 
 2.08280000e-03  2.40000000e-03 
 2.09280000e-03  2.40000000e-03 
 2.10280000e-03  2.40000000e-03 
 2.11280000e-03  2.40000000e-03 
 2.12280000e-03  2.40000000e-03 
 2.13280000e-03  2.40000000e-03 
 2.14280000e-03  2.40000000e-03 
 2.15280000e-03  2.40000000e-03 
 2.16280000e-03  2.40000000e-03 
 2.17280000e-03  2.40000000e-03 
 2.18280000e-03  2.40000000e-03 
 2.19280000e-03  2.40000000e-03 
 2.20280000e-03  2.40000000e-03 
 2.21280000e-03  2.40000000e-03 
 2.22280000e-03  2.40000000e-03 
 2.23280000e-03  2.40000000e-03 
 2.24280000e-03  2.40000000e-03 
 2.25280000e-03  2.40000000e-03 
 2.26280000e-03  2.40000000e-03 
 2.27280000e-03  2.40000000e-03 
 2.28280000e-03  2.40000000e-03 
 2.29280000e-03  2.40000000e-03 
 2.30280000e-03  2.40000000e-03 
 2.31280000e-03  2.40000000e-03 
 2.32280000e-03  2.40000000e-03 
 2.33280000e-03  2.40000000e-03 
 2.34280000e-03  2.40000000e-03 
 2.35280000e-03  2.40000000e-03 
 2.36280000e-03  2.40000000e-03 
 2.37280000e-03  2.40000000e-03 
 2.38280000e-03  2.40000000e-03 
 2.39280000e-03  2.40000000e-03 
 2.40280000e-03  2.40000000e-03 
 2.41280000e-03  2.40000000e-03 
 2.42280000e-03  2.40000000e-03 
 2.43280000e-03  2.40000000e-03 
 2.44280000e-03  2.40000000e-03 
 2.45280000e-03  2.40000000e-03 
 2.46280000e-03  2.40000000e-03 
 2.47280000e-03  2.40000000e-03 
 2.48280000e-03  2.40000000e-03 
 2.49280000e-03  2.40000000e-03 
 2.50280000e-03  2.40000000e-03 
 2.51280000e-03  2.40000000e-03 
 2.52280000e-03  2.40000000e-03 
 2.53280000e-03  2.40000000e-03 
 2.54280000e-03  2.40000000e-03 
 2.55280000e-03  2.40000000e-03 
 2.56280000e-03  2.40000000e-03 
 2.57280000e-03  2.40000000e-03 
 2.58280000e-03  2.40000000e-03 
 2.59280000e-03  2.40000000e-03 
 2.60280000e-03  2.40000000e-03 
 2.61280000e-03  2.40000000e-03 
 2.62280000e-03  2.40000000e-03 
 2.63280000e-03  2.40000000e-03 
 2.64280000e-03  2.40000000e-03 
 2.65280000e-03  2.40000000e-03 
 2.66280000e-03  2.40000000e-03 
 2.67280000e-03  2.40000000e-03 
 2.68280000e-03  2.40000000e-03 
 2.69280000e-03  2.40000000e-03 
 2.70280000e-03  2.40000000e-03 
 2.71280000e-03  2.40000000e-03 
 2.72280000e-03  2.40000000e-03 
 2.73280000e-03  2.40000000e-03 
 2.74280000e-03  2.40000000e-03 
 2.75280000e-03  2.40000000e-03 
 2.76280000e-03  2.40000000e-03 
 2.77280000e-03  2.40000000e-03 
 2.78280000e-03  2.40000000e-03 
 2.79280000e-03  2.40000000e-03 
 2.80280000e-03  2.40000000e-03 
 2.81280000e-03  2.40000000e-03 
 2.82280000e-03  2.40000000e-03 
 2.83280000e-03  2.40000000e-03 
 2.84280000e-03  2.40000000e-03 
 2.85280000e-03  2.40000000e-03 
 2.86280000e-03  2.40000000e-03 
 2.87280000e-03  2.40000000e-03 
 2.88280000e-03  2.40000000e-03 
 2.89280000e-03  2.40000000e-03 
 2.90280000e-03  2.40000000e-03 
 2.91280000e-03  2.40000000e-03 
 2.92280000e-03  2.40000000e-03 
 2.93280000e-03  2.40000000e-03 
 2.94280000e-03  2.40000000e-03 
 2.95280000e-03  2.40000000e-03 
 2.96280000e-03  2.40000000e-03 
 2.97280000e-03  2.40000000e-03 
 2.98280000e-03  2.40000000e-03 
 2.99280000e-03  2.40000000e-03 
 3.00280000e-03  2.40000000e-03 
 3.01280000e-03  2.40000000e-03 
 3.02280000e-03  2.40000000e-03 
 3.03280000e-03  2.40000000e-03 
 3.04280000e-03  2.40000000e-03 
 3.05280000e-03  2.40000000e-03 
 3.06280000e-03  2.40000000e-03 
 3.07280000e-03  2.40000000e-03 
 3.08280000e-03  2.40000000e-03 
 3.09280000e-03  2.40000000e-03 
 3.10280000e-03  2.40000000e-03 
 3.11280000e-03  2.40000000e-03 
 3.12280000e-03  2.40000000e-03 
 3.13280000e-03  2.40000000e-03 
 3.14280000e-03  2.40000000e-03 
 3.15280000e-03  2.40000000e-03 
 3.16280000e-03  2.40000000e-03 
 3.17280000e-03  2.40000000e-03 
 3.18280000e-03  2.40000000e-03 
 3.19280000e-03  2.40000000e-03 
 3.20280000e-03  2.40000000e-03 
 3.21280000e-03  2.40000000e-03 
 3.22280000e-03  2.40000000e-03 
 3.23280000e-03  2.40000000e-03 
 3.24280000e-03  2.40000000e-03 
 3.25280000e-03  2.40000000e-03 
 3.26280000e-03  2.40000000e-03 
 3.27280000e-03  2.40000000e-03 
 3.28280000e-03  2.40000000e-03 
 3.29280000e-03  2.40000000e-03 
 3.30280000e-03  2.40000000e-03 
 3.31280000e-03  2.40000000e-03 
 3.32280000e-03  2.40000000e-03 
 3.33280000e-03  2.40000000e-03 
 3.34280000e-03  2.40000000e-03 
 3.35280000e-03  2.40000000e-03 
 3.36280000e-03  2.40000000e-03 
 3.37280000e-03  2.40000000e-03 
 3.38280000e-03  2.40000000e-03 
 3.39280000e-03  2.40000000e-03 
 3.40280000e-03  2.40000000e-03 
 3.41280000e-03  2.40000000e-03 
 3.42280000e-03  2.40000000e-03 
 3.43280000e-03  2.40000000e-03 
 3.44280000e-03  2.40000000e-03 
 3.45280000e-03  2.40000000e-03 
 3.46280000e-03  2.40000000e-03 
 3.47280000e-03  2.40000000e-03 
 3.48280000e-03  2.40000000e-03 
 3.49280000e-03  2.40000000e-03 
 3.50280000e-03  2.40000000e-03 
 3.51280000e-03  2.40000000e-03 
 3.52280000e-03  2.40000000e-03 
 3.53280000e-03  2.40000000e-03 
 3.54280000e-03  2.40000000e-03 
 3.55280000e-03  2.40000000e-03 
 3.56280000e-03  2.40000000e-03 
 3.57280000e-03  2.40000000e-03 
 3.58280000e-03  2.40000000e-03 
 3.59280000e-03  2.40000000e-03 
 3.60280000e-03  2.40000000e-03 
 3.61280000e-03  2.40000000e-03 
 3.62280000e-03  2.40000000e-03 
 3.63280000e-03  2.40000000e-03 
 3.64280000e-03  2.40000000e-03 
 3.65280000e-03  2.40000000e-03 
 3.66280000e-03  2.40000000e-03 
 3.67280000e-03  2.40000000e-03 
 3.68280000e-03  2.40000000e-03 
 3.69280000e-03  2.40000000e-03 
 3.70280000e-03  2.40000000e-03 
 3.71280000e-03  2.40000000e-03 
 3.72280000e-03  2.40000000e-03 
 3.73280000e-03  2.40000000e-03 
 3.74280000e-03  2.40000000e-03 
 3.75280000e-03  2.40000000e-03 
 3.76280000e-03  2.40000000e-03 
 3.77280000e-03  2.40000000e-03 
 3.78280000e-03  2.40000000e-03 
 3.79280000e-03  2.40000000e-03 
 3.80280000e-03  2.40000000e-03 
 3.81280000e-03  2.40000000e-03 
 3.82280000e-03  2.40000000e-03 
 3.83280000e-03  2.40000000e-03 
 3.84280000e-03  2.40000000e-03 
 3.85280000e-03  2.40000000e-03 
 3.86280000e-03  2.40000000e-03 
 3.87280000e-03  2.40000000e-03 
 3.88280000e-03  2.40000000e-03 
 3.89280000e-03  2.40000000e-03 
 3.90280000e-03  2.40000000e-03 
 3.91280000e-03  2.40000000e-03 
 3.92280000e-03  2.40000000e-03 
 3.93280000e-03  2.40000000e-03 
 3.94280000e-03  2.40000000e-03 
 3.95280000e-03  2.40000000e-03 
 3.96280000e-03  2.40000000e-03 
 3.97280000e-03  2.40000000e-03 
 3.98280000e-03  2.40000000e-03 
 3.99280000e-03  2.40000000e-03 
 4.00280000e-03  2.40000000e-03 
 4.01280000e-03  2.40000000e-03 
 4.02280000e-03  2.40000000e-03 
 4.03280000e-03  2.40000000e-03 
 4.04280000e-03  2.40000000e-03 
 4.05280000e-03  2.40000000e-03 
 4.06280000e-03  2.40000000e-03 
 4.07280000e-03  2.40000000e-03 
 4.08280000e-03  2.40000000e-03 
 4.09280000e-03  2.40000000e-03 
 4.10280000e-03  2.40000000e-03 
 4.11280000e-03  2.40000000e-03 
 4.12280000e-03  2.40000000e-03 
 4.13280000e-03  2.40000000e-03 
 4.14280000e-03  2.40000000e-03 
 4.15280000e-03  2.40000000e-03 
 4.16280000e-03  2.40000000e-03 
 4.17280000e-03  2.40000000e-03 
 4.18280000e-03  2.40000000e-03 
 4.19280000e-03  2.40000000e-03 
 4.20280000e-03  2.40000000e-03 
 4.21280000e-03  2.40000000e-03 
 4.22280000e-03  2.40000000e-03 
 4.23280000e-03  2.40000000e-03 
 4.24280000e-03  2.40000000e-03 
 4.25280000e-03  2.40000000e-03 
 4.26280000e-03  2.40000000e-03 
 4.27280000e-03  2.40000000e-03 
 4.28280000e-03  2.40000000e-03 
 4.29280000e-03  2.40000000e-03 
 4.30280000e-03  2.40000000e-03 
 4.31280000e-03  2.40000000e-03 
 4.32280000e-03  2.40000000e-03 
 4.33280000e-03  2.40000000e-03 
 4.34280000e-03  2.40000000e-03 
 4.35280000e-03  2.40000000e-03 
 4.36280000e-03  2.40000000e-03 
 4.37280000e-03  2.40000000e-03 
 4.38280000e-03  2.40000000e-03 
 4.39280000e-03  2.40000000e-03 
 4.40280000e-03  2.40000000e-03 
 4.41280000e-03  2.40000000e-03 
 4.42280000e-03  2.40000000e-03 
 4.43280000e-03  2.40000000e-03 
 4.44280000e-03  2.40000000e-03 
 4.45280000e-03  2.40000000e-03 
 4.46280000e-03  2.40000000e-03 
 4.47280000e-03  2.40000000e-03 
 4.48280000e-03  2.40000000e-03 
 4.49280000e-03  2.40000000e-03 
 4.50280000e-03  2.40000000e-03 
 4.51280000e-03  2.40000000e-03 
 4.52280000e-03  2.40000000e-03 
 4.53280000e-03  2.40000000e-03 
 4.54280000e-03  2.40000000e-03 
 4.55280000e-03  2.40000000e-03 
 4.56280000e-03  2.40000000e-03 
 4.57280000e-03  2.40000000e-03 
 4.58280000e-03  2.40000000e-03 
 4.59280000e-03  2.40000000e-03 
 4.60280000e-03  2.40000000e-03 
 4.61280000e-03  2.40000000e-03 
 4.62280000e-03  2.40000000e-03 
 4.63280000e-03  2.40000000e-03 
 4.64280000e-03  2.40000000e-03 
 4.65280000e-03  2.40000000e-03 
 4.66280000e-03  2.40000000e-03 
 4.67280000e-03  2.40000000e-03 
 4.68280000e-03  2.40000000e-03 
 4.69280000e-03  2.40000000e-03 
 4.70280000e-03  2.40000000e-03 
 4.71280000e-03  2.40000000e-03 
 4.72280000e-03  2.40000000e-03 
 4.73280000e-03  2.40000000e-03 
 4.74280000e-03  2.40000000e-03 
 4.75280000e-03  2.40000000e-03 
 4.76280000e-03  2.40000000e-03 
 4.77280000e-03  2.40000000e-03 
 4.78280000e-03  2.40000000e-03 
 4.79280000e-03  2.40000000e-03 
 4.80280000e-03  2.40000000e-03 
 4.81280000e-03  2.40000000e-03 
 4.82280000e-03  2.40000000e-03 
 4.83280000e-03  2.40000000e-03 
 4.84280000e-03  2.40000000e-03 
 4.85280000e-03  2.40000000e-03 
 4.86280000e-03  2.40000000e-03 
 4.87280000e-03  2.40000000e-03 
 4.88280000e-03  2.40000000e-03 
 4.89280000e-03  2.40000000e-03 
 4.90280000e-03  2.40000000e-03 
 4.91280000e-03  2.40000000e-03 
 4.92280000e-03  2.40000000e-03 
 4.93280000e-03  2.40000000e-03 
 4.94280000e-03  2.40000000e-03 
 4.95280000e-03  2.40000000e-03 
 4.96280000e-03  2.40000000e-03 
 4.97280000e-03  2.40000000e-03 
 4.98280000e-03  2.40000000e-03 
 4.99280000e-03  2.40000000e-03 
 5.00280000e-03  2.40000000e-03 
 5.01280000e-03  2.40000000e-03 
 5.02280000e-03  2.40000000e-03 
 5.03280000e-03  2.40000000e-03 
 5.04280000e-03  2.40000000e-03 
 5.05280000e-03  2.40000000e-03 
 5.06280000e-03  2.40000000e-03 
 5.07280000e-03  2.40000000e-03 
 5.08280000e-03  2.40000000e-03 
 5.09280000e-03  2.40000000e-03 
 5.10280000e-03  2.40000000e-03 
 5.11280000e-03  2.40000000e-03 
 5.12280000e-03  2.40000000e-03 
 5.13280000e-03  2.40000000e-03 
 5.14280000e-03  2.40000000e-03 
 5.15280000e-03  2.40000000e-03 
 5.16280000e-03  2.40000000e-03 
 5.17280000e-03  2.40000000e-03 
 5.18280000e-03  2.40000000e-03 
 5.19280000e-03  2.40000000e-03 
 5.20280000e-03  2.40000000e-03 
 5.21280000e-03  2.40000000e-03 
 5.22280000e-03  2.40000000e-03 
 5.23280000e-03  2.40000000e-03 
 5.24280000e-03  2.40000000e-03 
 5.25280000e-03  2.40000000e-03 
 5.26280000e-03  2.40000000e-03 
 5.27280000e-03  2.40000000e-03 
 5.28280000e-03  2.40000000e-03 
 5.29280000e-03  2.40000000e-03 
 5.30280000e-03  2.40000000e-03 
 5.31280000e-03  2.40000000e-03 
 5.32280000e-03  2.40000000e-03 
 5.33280000e-03  2.40000000e-03 
 5.34280000e-03  2.40000000e-03 
 5.35280000e-03  2.40000000e-03 
 5.36280000e-03  2.40000000e-03 
 5.37280000e-03  2.40000000e-03 
 5.38280000e-03  2.40000000e-03 
 5.39280000e-03  2.40000000e-03 
 5.40280000e-03  2.40000000e-03 
 5.41280000e-03  2.40000000e-03 
 5.42280000e-03  2.40000000e-03 
 5.43280000e-03  2.40000000e-03 
 5.44280000e-03  2.40000000e-03 
 5.45280000e-03  2.40000000e-03 
 5.46280000e-03  2.40000000e-03 
 5.47280000e-03  2.40000000e-03 
 5.48280000e-03  2.40000000e-03 
 5.49280000e-03  2.40000000e-03 
 5.50280000e-03  2.40000000e-03 
 5.51280000e-03  2.40000000e-03 
 5.52280000e-03  2.40000000e-03 
 5.53280000e-03  2.40000000e-03 
 5.54280000e-03  2.40000000e-03 
 5.55280000e-03  2.40000000e-03 
 5.56280000e-03  2.40000000e-03 
 5.57280000e-03  2.40000000e-03 
 5.58280000e-03  2.40000000e-03 
 5.59280000e-03  2.40000000e-03 
 5.60280000e-03  2.40000000e-03 
 5.61280000e-03  2.40000000e-03 
 5.62280000e-03  2.40000000e-03 
 5.63280000e-03  2.40000000e-03 
 5.64280000e-03  2.40000000e-03 
 5.65280000e-03  2.40000000e-03 
 5.66280000e-03  2.40000000e-03 
 5.67280000e-03  2.40000000e-03 
 5.68280000e-03  2.40000000e-03 
 5.69280000e-03  2.40000000e-03 
 5.70280000e-03  2.40000000e-03 
 5.71280000e-03  2.40000000e-03 
 5.72280000e-03  2.40000000e-03 
 5.73280000e-03  2.40000000e-03 
 5.74280000e-03  2.40000000e-03 
 5.75280000e-03  2.40000000e-03 
 5.76280000e-03  2.40000000e-03 
 5.77280000e-03  2.40000000e-03 
 5.78280000e-03  2.40000000e-03 
 5.79280000e-03  2.40000000e-03 
 5.80280000e-03  2.40000000e-03 
 5.81280000e-03  2.40000000e-03 
 5.82280000e-03  2.40000000e-03 
 5.83280000e-03  2.40000000e-03 
 5.84280000e-03  2.40000000e-03 
 5.85280000e-03  2.40000000e-03 
 5.86280000e-03  2.40000000e-03 
 5.87280000e-03  2.40000000e-03 
 5.88280000e-03  2.40000000e-03 
 5.89280000e-03  2.40000000e-03 
 5.90280000e-03  2.40000000e-03 
 5.91280000e-03  2.40000000e-03 
 5.92280000e-03  2.40000000e-03 
 5.93280000e-03  2.40000000e-03 
 5.94280000e-03  2.40000000e-03 
 5.95280000e-03  2.40000000e-03 
 5.96280000e-03  2.40000000e-03 
 5.97280000e-03  2.40000000e-03 
 5.98280000e-03  2.40000000e-03 
 5.99280000e-03  2.40000000e-03 
 6.00280000e-03  2.40000000e-03 
 6.01280000e-03  2.40000000e-03 
 6.02280000e-03  2.40000000e-03 
 6.03280000e-03  2.40000000e-03 
 6.04280000e-03  2.40000000e-03 
 6.05280000e-03  2.40000000e-03 
 6.06280000e-03  2.40000000e-03 
 6.07280000e-03  2.40000000e-03 
 6.08280000e-03  2.40000000e-03 
 6.09280000e-03  2.40000000e-03 
 6.10280000e-03  2.40000000e-03 
 6.11280000e-03  2.40000000e-03 
 6.12280000e-03  2.40000000e-03 
 6.13280000e-03  2.40000000e-03 
 6.14280000e-03  2.40000000e-03 
 6.15280000e-03  2.40000000e-03 
 6.16280000e-03  2.40000000e-03 
 6.17280000e-03  2.40000000e-03 
 6.18280000e-03  2.40000000e-03 
 6.19280000e-03  2.40000000e-03 
 6.20280000e-03  2.40000000e-03 
 6.21280000e-03  2.40000000e-03 
 6.22280000e-03  2.40000000e-03 
 6.23280000e-03  2.40000000e-03 
 6.24280000e-03  2.40000000e-03 
 6.25280000e-03  2.40000000e-03 
 6.26280000e-03  2.40000000e-03 
 6.27280000e-03  2.40000000e-03 
 6.28280000e-03  2.40000000e-03 
 6.29280000e-03  2.40000000e-03 
 6.30280000e-03  2.40000000e-03 
 6.31280000e-03  2.40000000e-03 
 6.32280000e-03  2.40000000e-03 
 6.33280000e-03  2.40000000e-03 
 6.34280000e-03  2.40000000e-03 
 6.35280000e-03  2.40000000e-03 
 6.36280000e-03  2.40000000e-03 
 6.37280000e-03  2.40000000e-03 
 6.38280000e-03  2.40000000e-03 
 6.39280000e-03  2.40000000e-03 
 6.40280000e-03  2.40000000e-03 
 6.41280000e-03  2.40000000e-03 
 6.42280000e-03  2.40000000e-03 
 6.43280000e-03  2.40000000e-03 
 6.44280000e-03  2.40000000e-03 
 6.45280000e-03  2.40000000e-03 
 6.46280000e-03  2.40000000e-03 
 6.47280000e-03  2.40000000e-03 
 6.48280000e-03  2.40000000e-03 
 6.49280000e-03  2.40000000e-03 
 6.50280000e-03  2.40000000e-03 
 6.51280000e-03  2.40000000e-03 
 6.52280000e-03  2.40000000e-03 
 6.53280000e-03  2.40000000e-03 
 6.54280000e-03  2.40000000e-03 
 6.55280000e-03  2.40000000e-03 
 6.56280000e-03  2.40000000e-03 
 6.57280000e-03  2.40000000e-03 
 6.58280000e-03  2.40000000e-03 
 6.59280000e-03  2.40000000e-03 
 6.60280000e-03  2.40000000e-03 
 6.61280000e-03  2.40000000e-03 
 6.62280000e-03  2.40000000e-03 
 6.63280000e-03  2.40000000e-03 
 6.64280000e-03  2.40000000e-03 
 6.65280000e-03  2.40000000e-03 
 6.66280000e-03  2.40000000e-03 
 6.67280000e-03  2.40000000e-03 
 6.68280000e-03  2.40000000e-03 
 6.69280000e-03  2.40000000e-03 
 6.70280000e-03  2.40000000e-03 
 6.71280000e-03  2.40000000e-03 
 6.72280000e-03  2.40000000e-03 
 6.73280000e-03  2.40000000e-03 
 6.74280000e-03  2.40000000e-03 
 6.75280000e-03  2.40000000e-03 
 6.76280000e-03  2.40000000e-03 
 6.77280000e-03  2.40000000e-03 
 6.78280000e-03  2.40000000e-03 
 6.79280000e-03  2.40000000e-03 
 6.80280000e-03  2.40000000e-03 
 6.81280000e-03  2.40000000e-03 
 6.82280000e-03  2.40000000e-03 
 6.83280000e-03  2.40000000e-03 
 6.84280000e-03  2.40000000e-03 
 6.85280000e-03  2.40000000e-03 
 6.86280000e-03  2.40000000e-03 
 6.87280000e-03  2.40000000e-03 
 6.88280000e-03  2.40000000e-03 
 6.89280000e-03  2.40000000e-03 
 6.90280000e-03  2.40000000e-03 
 6.91280000e-03  2.40000000e-03 
 6.92280000e-03  2.40000000e-03 
 6.93280000e-03  2.40000000e-03 
 6.94280000e-03  2.40000000e-03 
 6.95280000e-03  2.40000000e-03 
 6.96280000e-03  2.40000000e-03 
 6.97280000e-03  2.40000000e-03 
 6.98280000e-03  2.40000000e-03 
 6.99280000e-03  2.40000000e-03 
 7.00280000e-03  2.40000000e-03 
 7.01280000e-03  2.40000000e-03 
 7.02280000e-03  2.40000000e-03 
 7.03280000e-03  2.40000000e-03 
 7.04280000e-03  2.40000000e-03 
 7.05280000e-03  2.40000000e-03 
 7.06280000e-03  2.40000000e-03 
 7.07280000e-03  2.40000000e-03 
 7.08280000e-03  2.40000000e-03 
 7.09280000e-03  2.40000000e-03 
 7.10280000e-03  2.40000000e-03 
 7.11280000e-03  2.40000000e-03 
 7.12280000e-03  2.40000000e-03 
 7.13280000e-03  2.40000000e-03 
 7.14280000e-03  2.40000000e-03 
 7.15280000e-03  2.40000000e-03 
 7.16280000e-03  2.40000000e-03 
 7.17280000e-03  2.40000000e-03 
 7.18280000e-03  2.40000000e-03 
 7.19280000e-03  2.40000000e-03 
 7.20280000e-03  2.40000000e-03 
 7.21280000e-03  2.40000000e-03 
 7.22280000e-03  2.40000000e-03 
 7.23280000e-03  2.40000000e-03 
 7.24280000e-03  2.40000000e-03 
 7.25280000e-03  2.40000000e-03 
 7.26280000e-03  2.40000000e-03 
 7.27280000e-03  2.40000000e-03 
 7.28280000e-03  2.40000000e-03 
 7.29280000e-03  2.40000000e-03 
 7.30280000e-03  2.40000000e-03 
 7.31280000e-03  2.40000000e-03 
 7.32280000e-03  2.40000000e-03 
 7.33280000e-03  2.40000000e-03 
 7.34280000e-03  2.40000000e-03 
 7.35280000e-03  2.40000000e-03 
 7.36280000e-03  2.40000000e-03 
 7.37280000e-03  2.40000000e-03 
 7.38280000e-03  2.40000000e-03 
 7.39280000e-03  2.40000000e-03 
 7.40280000e-03  2.40000000e-03 
 7.41280000e-03  2.40000000e-03 
 7.42280000e-03  2.40000000e-03 
 7.43280000e-03  2.40000000e-03 
 7.44280000e-03  2.40000000e-03 
 7.45280000e-03  2.40000000e-03 
 7.46280000e-03  2.40000000e-03 
 7.47280000e-03  2.40000000e-03 
 7.48280000e-03  2.40000000e-03 
 7.49280000e-03  2.40000000e-03 
 7.50280000e-03  2.40000000e-03 
 7.51280000e-03  2.40000000e-03 
 7.52280000e-03  2.40000000e-03 
 7.53280000e-03  2.40000000e-03 
 7.54280000e-03  2.40000000e-03 
 7.55280000e-03  2.40000000e-03 
 7.56280000e-03  2.40000000e-03 
 7.57280000e-03  2.40000000e-03 
 7.58280000e-03  2.40000000e-03 
 7.59280000e-03  2.40000000e-03 
 7.60280000e-03  2.40000000e-03 
 7.61280000e-03  2.40000000e-03 
 7.62280000e-03  2.40000000e-03 
 7.63280000e-03  2.40000000e-03 
 7.64280000e-03  2.40000000e-03 
 7.65280000e-03  2.40000000e-03 
 7.66280000e-03  2.40000000e-03 
 7.67280000e-03  2.40000000e-03 
 7.68280000e-03  2.40000000e-03 
 7.69280000e-03  2.40000000e-03 
 7.70280000e-03  2.40000000e-03 
 7.71280000e-03  2.40000000e-03 
 7.72280000e-03  2.40000000e-03 
 7.73280000e-03  2.40000000e-03 
 7.74280000e-03  2.40000000e-03 
 7.75280000e-03  2.40000000e-03 
 7.76280000e-03  2.40000000e-03 
 7.77280000e-03  2.40000000e-03 
 7.78280000e-03  2.40000000e-03 
 7.79280000e-03  2.40000000e-03 
 7.80280000e-03  2.40000000e-03 
 7.81280000e-03  2.40000000e-03 
 7.82280000e-03  2.40000000e-03 
 7.83280000e-03  2.40000000e-03 
 7.84280000e-03  2.40000000e-03 
 7.85280000e-03  2.40000000e-03 
 7.86280000e-03  2.40000000e-03 
 7.87280000e-03  2.40000000e-03 
 7.88280000e-03  2.40000000e-03 
 7.89280000e-03  2.40000000e-03 
 7.90280000e-03  2.40000000e-03 
 7.91280000e-03  2.40000000e-03 
 7.92280000e-03  2.40000000e-03 
 7.93280000e-03  2.40000000e-03 
 7.94280000e-03  2.40000000e-03 
 7.95280000e-03  2.40000000e-03 
 7.96280000e-03  2.40000000e-03 
 7.97280000e-03  2.40000000e-03 
 7.98280000e-03  2.40000000e-03 
 7.99280000e-03  2.40000000e-03 
 8.00280000e-03  2.40000000e-03 
 8.01280000e-03  2.40000000e-03 
 8.02280000e-03  2.40000000e-03 
 8.03280000e-03  2.40000000e-03 
 8.04280000e-03  2.40000000e-03 
 8.05280000e-03  2.40000000e-03 
 8.06280000e-03  2.40000000e-03 
 8.07280000e-03  2.40000000e-03 
 8.08280000e-03  2.40000000e-03 
 8.09280000e-03  2.40000000e-03 
 8.10280000e-03  2.40000000e-03 
 8.11280000e-03  2.40000000e-03 
 8.12280000e-03  2.40000000e-03 
 8.13280000e-03  2.40000000e-03 
 8.14280000e-03  2.40000000e-03 
 8.15280000e-03  2.40000000e-03 
 8.16280000e-03  2.40000000e-03 
 8.17280000e-03  2.40000000e-03 
 8.18280000e-03  2.40000000e-03 
 8.19280000e-03  2.40000000e-03 
 8.20280000e-03  2.40000000e-03 
 8.21280000e-03  2.40000000e-03 
 8.22280000e-03  2.40000000e-03 
 8.23280000e-03  2.40000000e-03 
 8.24280000e-03  2.40000000e-03 
 8.25280000e-03  2.40000000e-03 
 8.26280000e-03  2.40000000e-03 
 8.27280000e-03  2.40000000e-03 
 8.28280000e-03  2.40000000e-03 
 8.29280000e-03  2.40000000e-03 
 8.30280000e-03  2.40000000e-03 
 8.31280000e-03  2.40000000e-03 
 8.32280000e-03  2.40000000e-03 
 8.33280000e-03  2.40000000e-03 
 8.34280000e-03  2.40000000e-03 
 8.35280000e-03  2.40000000e-03 
 8.36280000e-03  2.40000000e-03 
 8.37280000e-03  2.40000000e-03 
 8.38280000e-03  2.40000000e-03 
 8.39280000e-03  2.40000000e-03 
 8.40280000e-03  2.40000000e-03 
 8.41280000e-03  2.40000000e-03 
 8.42280000e-03  2.40000000e-03 
 8.43280000e-03  2.40000000e-03 
 8.44280000e-03  2.40000000e-03 
 8.45280000e-03  2.40000000e-03 
 8.46280000e-03  2.40000000e-03 
 8.47280000e-03  2.40000000e-03 
 8.48280000e-03  2.40000000e-03 
 8.49280000e-03  2.40000000e-03 
 8.50280000e-03  2.40000000e-03 
 8.51280000e-03  2.40000000e-03 
 8.52280000e-03  2.40000000e-03 
 8.53280000e-03  2.40000000e-03 
 8.54280000e-03  2.40000000e-03 
 8.55280000e-03  2.40000000e-03 
 8.56280000e-03  2.40000000e-03 
 8.57280000e-03  2.40000000e-03 
 8.58280000e-03  2.40000000e-03 
 8.59280000e-03  2.40000000e-03 
 8.60280000e-03  2.40000000e-03 
 8.61280000e-03  2.40000000e-03 
 8.62280000e-03  2.40000000e-03 
 8.63280000e-03  2.40000000e-03 
 8.64280000e-03  2.40000000e-03 
 8.65280000e-03  2.40000000e-03 
 8.66280000e-03  2.40000000e-03 
 8.67280000e-03  2.40000000e-03 
 8.68280000e-03  2.40000000e-03 
 8.69280000e-03  2.40000000e-03 
 8.70280000e-03  2.40000000e-03 
 8.71280000e-03  2.40000000e-03 
 8.72280000e-03  2.40000000e-03 
 8.73280000e-03  2.40000000e-03 
 8.74280000e-03  2.40000000e-03 
 8.75280000e-03  2.40000000e-03 
 8.76280000e-03  2.40000000e-03 
 8.77280000e-03  2.40000000e-03 
 8.78280000e-03  2.40000000e-03 
 8.79280000e-03  2.40000000e-03 
 8.80280000e-03  2.40000000e-03 
 8.81280000e-03  2.40000000e-03 
 8.82280000e-03  2.40000000e-03 
 8.83280000e-03  2.40000000e-03 
 8.84280000e-03  2.40000000e-03 
 8.85280000e-03  2.40000000e-03 
 8.86280000e-03  2.40000000e-03 
 8.87280000e-03  2.40000000e-03 
 8.88280000e-03  2.40000000e-03 
 8.89280000e-03  2.40000000e-03 
 8.90280000e-03  2.40000000e-03 
 8.91280000e-03  2.40000000e-03 
 8.92280000e-03  2.40000000e-03 
 8.93280000e-03  2.40000000e-03 
 8.94280000e-03  2.40000000e-03 
 8.95280000e-03  2.40000000e-03 
 8.96280000e-03  2.40000000e-03 
 8.97280000e-03  2.40000000e-03 
 8.98280000e-03  2.40000000e-03 
 8.99280000e-03  2.40000000e-03 
 9.00280000e-03  2.40000000e-03 
 9.01280000e-03  2.40000000e-03 
 9.02280000e-03  2.40000000e-03 
 9.03280000e-03  2.40000000e-03 
 9.04280000e-03  2.40000000e-03 
 9.05280000e-03  2.40000000e-03 
 9.06280000e-03  2.40000000e-03 
 9.07280000e-03  2.40000000e-03 
 9.08280000e-03  2.40000000e-03 
 9.09280000e-03  2.40000000e-03 
 9.10280000e-03  2.40000000e-03 
 9.11280000e-03  2.40000000e-03 
 9.12280000e-03  2.40000000e-03 
 9.13280000e-03  2.40000000e-03 
 9.14280000e-03  2.40000000e-03 
 9.15280000e-03  2.40000000e-03 
 9.16280000e-03  2.40000000e-03 
 9.17280000e-03  2.40000000e-03 
 9.18280000e-03  2.40000000e-03 
 9.19280000e-03  2.40000000e-03 
 9.20280000e-03  2.40000000e-03 
 9.21280000e-03  2.40000000e-03 
 9.22280000e-03  2.40000000e-03 
 9.23280000e-03  2.40000000e-03 
 9.24280000e-03  2.40000000e-03 
 9.25280000e-03  2.40000000e-03 
 9.26280000e-03  2.40000000e-03 
 9.27280000e-03  2.40000000e-03 
 9.28280000e-03  2.40000000e-03 
 9.29280000e-03  2.40000000e-03 
 9.30280000e-03  2.40000000e-03 
 9.31280000e-03  2.40000000e-03 
 9.32280000e-03  2.40000000e-03 
 9.33280000e-03  2.40000000e-03 
 9.34280000e-03  2.40000000e-03 
 9.35280000e-03  2.40000000e-03 
 9.36280000e-03  2.40000000e-03 
 9.37280000e-03  2.40000000e-03 
 9.38280000e-03  2.40000000e-03 
 9.39280000e-03  2.40000000e-03 
 9.40280000e-03  2.40000000e-03 
 9.41280000e-03  2.40000000e-03 
 9.42280000e-03  2.40000000e-03 
 9.43280000e-03  2.40000000e-03 
 9.44280000e-03  2.40000000e-03 
 9.45280000e-03  2.40000000e-03 
 9.46280000e-03  2.40000000e-03 
 9.47280000e-03  2.40000000e-03 
 9.48280000e-03  2.40000000e-03 
 9.49280000e-03  2.40000000e-03 
 9.50280000e-03  2.40000000e-03 
 9.51280000e-03  2.40000000e-03 
 9.52280000e-03  2.40000000e-03 
 9.53280000e-03  2.40000000e-03 
 9.54280000e-03  2.40000000e-03 
 9.55280000e-03  2.40000000e-03 
 9.56280000e-03  2.40000000e-03 
 9.57280000e-03  2.40000000e-03 
 9.58280000e-03  2.40000000e-03 
 9.59280000e-03  2.40000000e-03 
 9.60280000e-03  2.40000000e-03 
 9.61280000e-03  2.40000000e-03 
 9.62280000e-03  2.40000000e-03 
 9.63280000e-03  2.40000000e-03 
 9.64280000e-03  2.40000000e-03 
 9.65280000e-03  2.40000000e-03 
 9.66280000e-03  2.40000000e-03 
 9.67280000e-03  2.40000000e-03 
 9.68280000e-03  2.40000000e-03 
 9.69280000e-03  2.40000000e-03 
 9.70280000e-03  2.40000000e-03 
 9.71280000e-03  2.40000000e-03 
 9.72280000e-03  2.40000000e-03 
 9.73280000e-03  2.40000000e-03 
 9.74280000e-03  2.40000000e-03 
 9.75280000e-03  2.40000000e-03 
 9.76280000e-03  2.40000000e-03 
 9.77280000e-03  2.40000000e-03 
 9.78280000e-03  2.40000000e-03 
 9.79280000e-03  2.40000000e-03 
 9.80280000e-03  2.40000000e-03 
 9.81280000e-03  2.40000000e-03 
 9.82280000e-03  2.40000000e-03 
 9.83280000e-03  2.40000000e-03 
 9.84280000e-03  2.40000000e-03 
 9.85280000e-03  2.40000000e-03 
 9.86280000e-03  2.40000000e-03 
 9.87280000e-03  2.40000000e-03 
 9.88280000e-03  2.40000000e-03 
 9.89280000e-03  2.40000000e-03 
 9.90280000e-03  2.40000000e-03 
 9.91280000e-03  2.40000000e-03 
 9.92280000e-03  2.40000000e-03 
 9.93280000e-03  2.40000000e-03 
 9.94280000e-03  2.40000000e-03 
 9.95280000e-03  2.40000000e-03 
 9.96280000e-03  2.40000000e-03 
 9.97280000e-03  2.40000000e-03 
 9.98280000e-03  2.40000000e-03 
 9.99140000e-03  2.40000000e-03 
 1.00000000e-02  2.40000000e-03 
