tree
version=v4
num_class=1
num_tree_per_iteration=1
label_index=0
max_feature_idx=21
objective=binary sigmoid:1
feature_names=apparatus_count conclusion_words discussion_words figure_count impossible_values_flag intro_words llm_high_sev_count llm_medium_sev_count llm_physics_error_flag llm_violation_count max_rel_error netlist_apparatus_overlap objectives_compliance ref_count ref_research_overlap repetition_score schemdraw_valid section_bitmap sim_match_rate table_rows tense_violations url_validity_rate
feature_infos=none [0:464] [0:466] none none [0:1653] none none none none none none [0:1] [0:51] none [0:1] none [0:466] none none [0:65] none
tree_sizes=834 871 985 985 984 880 973 880 881 979 985 979 1089 986 988 976 985 977

Tree=0
num_leaves=7
num_cat=0
split_feature=20 5 5 5 1 17
split_gain=5.20413 5.00279 6.11405 4.42033 4.64135 0.560915
threshold=14.500000000000002 306.50000000000006 41.500000000000007 101.00000000000001 81.500000000000014 1.0000000180025095e-35
decision_type=2 2 2 2 2 2
left_child=1 2 5 -4 -5 -1
right_child=-2 -3 3 4 -6 -7
leaf_value=1.4120891627657051 1.4563815747989628 1.4521258258021283 1.3351687239069772 1.4244254595638031 1.3470696219945539 1.4343428746367837
leaf_weight=6.4595967233181053 5.6718410253524771 4.5689830482006064 5.0416364669799796 5.0416364669799787 3.1510227918624878 5.0416364669799805
leaf_count=41 36 29 32 32 20 32
internal_value=1.41254 1.40406 1.39518 1.372 1.39467 1.42184
internal_weight=34.9764 29.3045 24.7355 13.2343 8.19266 11.5012
internal_count=222 186 157 84 52 73
is_linear=0
shrinkage=1


Tree=1
num_leaves=7
num_cat=0
split_feature=15 5 1 13 20 5
split_gain=28.8351 15.7951 5.7884 0.719007 0.000201035 0.000382823
threshold=0.16582914572864324 41.500000000000007 81.500000000000014 3.5000000000000004 14.500000000000002 239.50000000000003
decision_type=2 2 2 2 2 2
left_child=1 -1 3 -3 5 -2
right_child=4 2 -4 -5 -6 -7
leaf_value=0.0088561119438183376 0.062431186872443034 -0.062903656942447497 -0.12599816410825368 -0.03168178389781192 0.061653905914026565 0.06171697229529724
leaf_weight=11.275855720043184 3.6640958040952665 4.3755636066198331 3.709633931517601 3.1871079355478287 4.9053535461425781 3.8451007455587387
leaf_count=72 23 27 23 20 32 25
internal_value=0.000707525 -0.0329854 -0.07484 -0.0497459 0.0619028 0.0620655
internal_weight=34.9627 22.5482 11.2723 7.56267 12.4146 7.5092
internal_count=222 142 70 47 80 48
is_linear=0
shrinkage=0.05


Tree=2
num_leaves=8
num_cat=0
split_feature=15 5 20 20 17 20 5
split_gain=26.5363 13.4195 3.00125 1.04336 0.4505 0.000167007 0.000317888
threshold=0.16582914572864324 41.500000000000007 1.0000000180025095e-35 9.5000000000000018 1.0000000180025095e-35 14.500000000000002 239.50000000000003
decision_type=2 2 2 2 2 2 2
left_child=1 4 -3 -4 -1 6 -2
right_child=5 2 3 -5 -6 -7 -8
leaf_value=-0.00019419166618262642 0.061679191626080078 -0.035989795374975563 -0.10748396920053127 -0.06953757306189487 0.020064097918534089 0.060957101820200546 0.061015707251869736
leaf_weight=6.4237964153289813 3.526807948946951 4.5210747569799405 3.5087905079126358 3.7448139190673828 4.7910555750131607 4.7180981636047363 3.6985403895378113
leaf_count=41 23 27 21 22 31 32 25
internal_value=0.000727837 -0.0306825 -0.0679642 -0.0878934 0.00846028 0.0611885 0.0613396
internal_weight=34.933 22.9895 11.7747 7.2536 11.2149 11.9434 7.22535
internal_count=222 142 70 43 72 80 48
is_linear=0
shrinkage=0.05


Tree=3
num_leaves=8
num_cat=0
split_feature=15 5 1 13 17 20 5
split_gain=24.4759 11.4897 4.10885 0.650669 0.414052 0.000139039 0.000264544
threshold=0.16582914572864324 41.500000000000007 81.500000000000014 3.5000000000000004 1.0000000180025095e-35 14.500000000000002 239.50000000000003
decision_type=2 2 2 2 2 2 2
left_child=1 4 3 -3 -1 6 -2
right_child=5 2 -4 -5 -6 -7 -8
leaf_value=-0.00018446122673582374 0.060980922327095344 -0.05335440451077017 -0.10240565288480424 -0.024584576028331112 0.019306157613186235 0.060309139654926583 0.060363679735227119
leaf_weight=6.4245582669973391 3.392240568995474 4.6729066222906095 4.1659645438194266 3.3917555212974548 4.7317314445972443 4.5349864959716797 3.5551960170269012
leaf_count=41 23 27 23 20 31 32 25
internal_value=0.000740219 -0.0286124 -0.0620838 -0.0412547 0.00808212 0.0605245 0.0606651
internal_weight=34.8693 23.3869 12.2306 8.06466 11.1563 11.4824 6.94744
internal_count=222 142 70 47 72 80 48
is_linear=0
shrinkage=0.05


Tree=4
num_leaves=8
num_cat=0
split_feature=15 5 1 13 17 5 13
split_gain=22.6217 9.90743 3.33614 0.549351 0.380342 0.000109424 5.19777e-05
threshold=0.16582914572864324 41.500000000000007 81.500000000000014 3.5000000000000004 1.0000000180025095e-35 239.50000000000003 4.5000000000000009
decision_type=2 2 2 2 2 2 2
left_child=1 4 3 -3 -1 6 -2
right_child=5 2 -4 -5 -6 -7 -8
leaf_value=-0.00017521720277197562 0.059896954541281133 -0.049196007640184787 -0.092250701620906844 -0.023026511958135817 0.018570096548616955 0.059739252742777318 0.060195587396758156
leaf_weight=6.4252822399139422 2.7573858201503736 4.8107586503028852 4.3871631920337668 3.438932865858078 4.6747996807098389 5.185036301612854 3.0898108780384064
leaf_count=41 20 27 23 20 31 38 22
internal_value=0.00074814 -0.0267469 -0.0570218 -0.0382871 0.00771937 0.0599065 0.0600548
internal_weight=34.7692 23.7369 12.6369 8.24969 11.1001 11.0322 5.8472
internal_count=222 142 70 47 72 80 42
is_linear=0
shrinkage=0.05


Tree=5
num_leaves=7
num_cat=0
split_feature=15 2 5 20 20 5
split_gain=21.3502 10.7504 4.29091 0.78983 0.000105649 0.000202926
threshold=0.16582914572864324 1.0000000180025095e-35 21.000000000000004 6.5000000000000009 14.500000000000002 306.50000000000006
decision_type=2 2 2 2 2 2
left_child=1 2 -1 -4 5 -2
right_child=4 -3 3 -5 -6 -7
leaf_value=0.01472812435772693 0.059726314287066332 -0.085344255671607305 -0.019791732673285392 -0.049024080868237063 0.059141492386190445 0.059180315362238146
leaf_weight=10.629819005727773 3.540689289569853 5.6196538656949988 5.8808534145355207 3.8062895089387894 4.0510184019804001 3.2765217125415802
leaf_count=69 26 31 33 19 31 25
internal_value=0.000514095 -0.0241373 -0.00720752 -0.0312778 0.0593437 0.0594639
internal_weight=36.8048 25.9366 20.317 9.68714 10.8682 6.81721
internal_count=234 152 121 52 82 51
is_linear=0
shrinkage=0.05


Tree=6
num_leaves=8
num_cat=0
split_feature=20 17 5 17 5 5 5
split_gain=3.46041 4.82247 4.26861 3.01325 1.59526 4.10215 0.996164
threshold=14.500000000000002 2.5000000000000004 230.50000000000003 450.50000000000006 21.000000000000004 101.00000000000001 386.50000000000006
decision_type=2 2 2 2 2 2 2
left_child=1 -1 3 4 -3 -6 -4
right_child=-2 2 6 -5 5 -7 -8
leaf_value=0.024807999788228629 0.039854693091260905 0.006797415068402245 0.035165204463700292 -0.07532631612818097 -0.06626859002326306 0.00040753326265241963 -0.0043432256328786462
leaf_weight=9.3027342259883898 4.8529369533061972 3.689615920186049 3.3847776651382437 3.1796241402626029 4.5012201517820341 4.7317672967910767 3.0181379020214081
leaf_count=59 36 25 21 18 24 30 21
internal_value=0.000527042 -0.00547319 -0.0179902 -0.0317217 -0.0209928 -0.0320981 0.0165421
internal_weight=36.6608 31.8079 22.5051 16.1022 12.9226 9.23299 6.40292
internal_count=234 198 139 97 79 54 42
is_linear=0
shrinkage=0.05


Tree=7
num_leaves=7
num_cat=0
split_feature=15 17 2 13 20 1
split_gain=19.4575 10.6169 3.34146 0.800025 0.000408898 0.000168346
threshold=0.16582914572864324 2.5000000000000004 1.0000000180025095e-35 3.5000000000000004 14.500000000000002 106.50000000000001
decision_type=2 2 2 2 2 2
left_child=1 -1 3 -3 5 -2
right_child=4 2 -4 -5 -6 -7
leaf_value=0.022479697930068862 0.058725685727905499 -0.045647151498156041 -0.075366782354110928 -0.018662215031152632 0.058279872649874664 0.059243240068227856
leaf_weight=8.7930200099945086 3.9190675616264325 4.5065110325813311 5.9353331327438346 7.0333058089017868 3.778488464653492 2.6226424127817154
leaf_count=56 31 26 31 39 31 20
internal_value=0.00052215 -0.0223323 -0.0448805 -0.0292003 0.058694 0.0589332
internal_weight=36.5884 26.2682 17.4751 11.5398 10.3202 6.54171
internal_count=234 152 96 65 82 51
is_linear=0
shrinkage=0.05


Tree=8
num_leaves=7
num_cat=0
split_feature=15 2 5 20 20 5
split_gain=18.0778 7.40342 3.24027 0.721369 0.000343199 0.000292972
threshold=0.16582914572864324 1.0000000180025095e-35 21.000000000000004 6.5000000000000009 14.500000000000002 239.50000000000003
decision_type=2 2 2 2 2 2
left_child=1 2 -1 -4 5 -2
right_child=4 -3 3 -5 -6 -7
leaf_value=0.01310498073806849 0.058788964013099992 -0.069085410331012315 -0.015964901316761173 -0.043437367104227853 0.057811114265542946 0.058104002429261295
leaf_weight=10.374132946133619 2.9163848459720594 6.1454767584800711 6.0775897502899152 3.9375735074281693 3.6226132586598396 3.3593136742711067
leaf_count=69 23 31 33 19 31 28
internal_value=0.000532269 -0.0209791 -0.00647953 -0.026766 0.0581986 0.0584223
internal_weight=36.4331 26.5348 20.3893 10.0152 9.89831 6.2757
internal_count=234 152 121 52 82 51
is_linear=0
shrinkage=0.05


Tree=9
num_leaves=8
num_cat=0
split_feature=15 17 5 13 13 20 5
split_gain=16.8224 8.61977 3.71934 4.34635 1.05132 0.000288381 0.000246065
threshold=0.16582914572864324 2.5000000000000004 21.000000000000004 3.5000000000000004 6.5000000000000009 14.500000000000002 239.50000000000003
decision_type=2 2 2 2 2 2 2
left_child=1 -1 -3 -4 -5 6 -2
right_child=5 2 3 4 -6 -7 -8
leaf_value=0.021384325260830801 0.058287647672456068 0.0060510938460238842 -0.088008460540994995 -0.012145028621597685 -0.045674952689046928 0.057372349242120826 0.057646603276043207
leaf_weight=8.6285556852817553 2.7974050641059858 3.6145238578319576 5.0642778873443595 4.2475023716688138 5.1997107267379761 3.4716211929917336 3.2201894223690033
leaf_count=56 23 24 25 21 26 31 28
internal_value=0.00053714 -0.0197497 -0.0393308 -0.0506345 -0.0305998 0.0577352 0.0579446
internal_weight=36.2438 26.7546 18.126 14.5115 9.44721 9.48922 6.01759
internal_count=234 152 96 72 47 82 51
is_linear=0
shrinkage=0.05


Tree=10
num_leaves=8
num_cat=0
split_feature=15 5 13 20 17 20 5
split_gain=13.6836 2.79997 2.65421 0.476654 0.230221 0.000253068 0.000214707
threshold=0.16582914572864324 60.500000000000007 3.5000000000000004 1.0000000180025095e-35 2.5000000000000004 14.500000000000002 239.50000000000003
decision_type=2 2 2 2 2 2 2
left_child=1 3 -3 4 -1 6 -2
right_child=5 2 -4 -5 -6 -7 -8
leaf_value=0.0016919111402279162 0.057830606667895405 -0.056939133687464484 -0.011618765418499008 0.018466536687782996 -0.013325401065409567 0.056961224436205105 0.057194795233329557
leaf_weight=7.5693102478981036 2.5691681057214719 5.4905789196491224 7.8489505052566528 3.1986144185066214 3.8503197282552719 3.6473371461033821 2.748007245361805
leaf_count=51 22 27 38 19 23 34 25
internal_value=0.00352763 -0.0137084 -0.0302727 0.00140693 -0.00337143 0.057282 0.057502
internal_weight=36.9223 27.9578 13.3395 14.6182 11.4196 8.96451 5.31718
internal_count=239 158 65 93 74 81 47
is_linear=0
shrinkage=0.05


Tree=11
num_leaves=8
num_cat=0
split_feature=15 5 13 20 5 20 5
split_gain=12.8258 2.48943 1.1743 0.487347 0.327964 0.0002132 0.000180781
threshold=0.16582914572864324 70.000000000000014 3.5000000000000004 1.0000000180025095e-35 21.000000000000004 14.500000000000002 239.50000000000003
decision_type=2 2 2 2 2 2 2
left_child=1 3 -3 4 -1 6 -2
right_child=5 2 -4 -5 -6 -7 -8
leaf_value=0.00077533610063232567 0.057390942984123366 -0.048513526469185747 -0.01705352400877333 0.017724951905037752 -0.017221146564475709 0.056575786608798896 0.056794886839019537
leaf_weight=9.1389334648847598 2.4621155187487584 4.98845227062702 7.316976472735405 3.1666502803564063 3.501532554626464 3.4924918636679649 2.6319244205951691
leaf_count=62 22 24 35 19 18 34 25
internal_value=0.00339245 -0.0129435 -0.029807 0.000184351 -0.00420987 0.0568767 0.057083
internal_weight=36.6991 28.1125 12.3054 15.8071 12.6405 8.58653 5.09404
internal_count=239 158 59 99 80 81 47
is_linear=0
shrinkage=0.05


Tree=12
num_leaves=9
num_cat=0
split_feature=15 5 13 17 17 5 2 2
split_gain=12.0318 2.20788 1.01994 0.257991 0.528301 7.21562e-05 5.55198e-05 3.34255e-06
threshold=0.16582914572864324 70.000000000000014 3.5000000000000004 257.00000000000006 1.0000000180025095e-35 239.50000000000003 96.500000000000014 81.500000000000014
decision_type=2 2 2 2 2 2 2 2
left_child=1 3 -3 4 -1 6 -2 -7
right_child=5 2 -4 -5 -6 7 -8 -9
leaf_value=-0.0054634398438472738 0.056813755930500955 -0.045206884377490125 -0.016090002123443036 -0.011221189147713268 0.01567147525823773 0.056389697329156996 0.056450944207977707 0.056298223651082648
leaf_weight=6.7764966487884539 2.2091304063796979 5.0831108391284925 7.3660798072814941 3.7776054441928855 5.2455964088439941 2.0082341954112057 2.017361007630825 1.9865960702300069
leaf_count=46 21 24 35 20 33 20 20 20
internal_value=0.0032618 -0.0122312 -0.0279787 0.000176841 0.00375835 0.0564966 0.0566406 0.0563442
internal_weight=36.4702 28.2489 12.4492 15.7997 12.0221 8.22132 4.22649 3.99483
internal_count=239 158 59 99 79 81 41 40
is_linear=0
shrinkage=0.05


Tree=13
num_leaves=8
num_cat=0
split_feature=15 2 17 17 17 20 1
split_gain=11.2949 1.8501 0.722346 0.698378 0.121256 0.000153445 6.67978e-05
threshold=0.16582914572864324 32.000000000000007 257.00000000000006 9.5000000000000018 1.0000000180025095e-35 14.500000000000002 103.50000000000001
decision_type=2 2 2 2 2 2 2
left_child=1 2 3 4 -1 6 -2
right_child=5 -3 -4 -5 -6 -7 -8
leaf_value=-0.0013143531595868163 0.056156288684502564 -0.033862072232108235 -0.018770993616374465 0.018659856486737802 -0.012379613593250561 0.055873077714557309 0.056537583435933236
leaf_weight=7.1822698712348991 2.6332500353455535 7.0051761418581 6.1158942580223075 4.2940015047788611 3.7782360315322876 3.1982279941439629 2.037310503423214
leaf_count=48 27 33 30 26 21 34 20
internal_value=0.00313577 -0.0115627 -0.00425304 0.00156756 -0.0051287 0.0561399 0.0563226
internal_weight=36.2444 28.3756 21.3704 15.2545 10.9605 7.86879 4.67056
internal_count=239 158 125 95 69 81 47
is_linear=0
shrinkage=0.05


Tree=14
num_leaves=8
num_cat=0
split_feature=15 2 17 17 17 20 1
split_gain=10.6103 1.63876 0.646114 0.635786 0.108385 0.000129745 5.64811e-05
threshold=0.16582914572864324 32.000000000000007 257.00000000000006 9.5000000000000018 1.0000000180025095e-35 14.500000000000002 103.50000000000001
decision_type=2 2 2 2 2 2 2
left_child=1 2 3 4 -1 6 -2
right_child=5 -3 -4 -5 -6 -7 -8
leaf_value=-0.0012475738287656647 0.055820168147621245 -0.031764467431568619 -0.017693397042315158 0.017914244740733526 -0.011686528082689425 0.055553929221958037 0.056178573390946507
leaf_weight=7.188228011131292 2.5195255726575843 7.0920567214488974 6.1627129316329947 4.2502268254756919 3.8015758991241455 3.0592831298708916 1.9500203654170034
leaf_count=48 27 33 30 26 21 34 20
internal_value=0.00301399 -0.0109343 -0.00403195 0.00149242 -0.0048586 0.0558048 0.0559765
internal_weight=36.0236 28.4948 21.4027 15.24 10.9898 7.52883 4.46955
internal_count=239 158 125 95 69 81 47
is_linear=0
shrinkage=0.05


Tree=15
num_leaves=8
num_cat=0
split_feature=15 1 1 17 5 13 15
split_gain=7.4996 4.05481 1.5585 1.19316 0.422793 0.24915 0.0127101
threshold=0.097914072229140739 64.500000000000014 107.50000000000001 2.5000000000000004 499.50000000000006 2.5000000000000004 0.57095352564102575
decision_type=2 2 2 2 2 2 2
left_child=1 3 -3 -1 6 -5 -2
right_child=4 2 -4 5 -6 -7 -8
leaf_value=0.020975626909228842 0.060390327599219557 -0.056106149232485171 -0.014190773459851876 0.0029719458074501351 0.030036247595536386 -0.013999201315294949 0.055553053678352872
leaf_weight=8.5532285571098381 2.4482363685965529 4.1727191656827909 4.7333253026008606 4.40606741607189 1.8432951942086218 4.2472947388887405 3.0493522137403488
leaf_count=56 22 19 25 22 19 23 34
internal_value=0.00610927 -0.00644284 -0.0338292 0.00773222 0.0507591 -0.00535793 0.0577072
internal_weight=33.4535 26.1126 8.90604 17.2066 7.34088 8.65336 5.49759
internal_count=220 145 44 101 75 45 56
is_linear=0
shrinkage=0.05


Tree=16
num_leaves=8
num_cat=0
split_feature=15 5 17 15 17 20 5
split_gain=7.05942 3.46924 1.60939 1.41713 0.249073 7.07209e-05 5.80972e-05
threshold=0.16582914572864324 74.500000000000014 46.000000000000007 0.036700336700336705 1.0000000180025095e-35 14.500000000000002 226.50000000000003
decision_type=2 2 2 2 2 2 2
left_child=1 2 4 -3 -1 6 -2
right_child=5 3 -4 -5 -6 -7 -8
leaf_value=0.017524302024531407 0.055590761480849175 -0.038087247075455598 -0.011550141770820786 -0.0027192779137409843 0.034649051782255379 0.055013095455226882 0.055213821760146081
leaf_weight=6.9071812778711337 1.8936221227049816 7.5746338516473752 5.1868238002061835 4.5237080007791519 3.0657826811075211 1.8218098729848859 2.2214422523975372
leaf_count=47 21 35 31 21 17 22 26
internal_value=0.00586561 -0.0048953 0.0110398 -0.0248628 0.0227886 0.0552725 0.0553873
internal_weight=33.195 27.2581 15.1598 12.0983 9.97296 5.93687 4.11506
internal_count=220 151 95 56 64 69 47
is_linear=0
shrinkage=0.05


Tree=17
num_leaves=8
num_cat=0
split_feature=15 5 17 5 17 20 5
split_gain=6.68198 3.11192 1.47189 1.35741 0.232293 5.9945e-05 4.92319e-05
threshold=0.16582914572864324 74.500000000000014 46.000000000000007 183.00000000000003 1.0000000180025095e-35 14.500000000000002 226.50000000000003
decision_type=2 2 2 2 2 2 2
left_child=1 2 4 -3 -1 6 -2
right_child=5 3 -4 -5 -6 -7 -8
leaf_value=0.016841834311609509 0.05528865763825952 -0.041712943084493297 -0.010903131372432333 -0.0082159875795193588 0.03350833691972744 0.054744766135507932 0.054933797737871728
leaf_weight=6.8297382444143313 1.8108622208237641 5.5349556952714902 5.2190351337194434 6.6678220331668854 3.0130055546760559 1.7412382215261457 2.123600073158741
leaf_count=47 21 25 31 31 17 22 26
internal_value=0.00563206 -0.00464265 0.010562 -0.0234096 0.0219437 0.054989 0.0550971
internal_weight=32.9403 27.2646 15.0618 12.2028 9.84274 5.6757 3.93446
internal_count=220 151 95 56 64 69 47
is_linear=0
shrinkage=0.05


end of trees

feature_importances:
intro_words=34
section_bitmap=22
tense_violations=21
repetition_score=18
ref_count=11
conclusion_words=9
discussion_words=7

parameters:
[boosting: gbdt]
[objective: binary]
[metric: auc]
[tree_learner: serial]
[device_type: cpu]
[data_sample_strategy: bagging]
[data: ]
[valid: ]
[num_iterations: 500]
[learning_rate: 0.05]
[num_leaves: 31]
[num_threads: 0]
[seed: 42]
[deterministic: 0]
[force_col_wise: 0]
[force_row_wise: 0]
[histogram_pool_size: -1]
[max_depth: -1]
[min_data_in_leaf: 20]
[min_sum_hessian_in_leaf: 0.001]
[bagging_fraction: 0.8]
[pos_bagging_fraction: 1]
[neg_bagging_fraction: 1]
[bagging_freq: 5]
[bagging_seed: 400]
[bagging_by_query: 0]
[feature_fraction: 0.9]
[feature_fraction_bynode: 1]
[feature_fraction_seed: 30056]
[extra_trees: 0]
[extra_seed: 12879]
[early_stopping_round: 0]
[early_stopping_min_delta: 0]
[first_metric_only: 0]
[max_delta_step: 0]
[lambda_l1: 0]
[lambda_l2: 0]
[linear_lambda: 0]
[min_gain_to_split: 0]
[drop_rate: 0.1]
[max_drop: 50]
[skip_drop: 0.5]
[xgboost_dart_mode: 0]
[uniform_drop: 0]
[drop_seed: 17869]
[top_rate: 0.2]
[other_rate: 0.1]
[min_data_per_group: 100]
[max_cat_threshold: 32]
[cat_l2: 10]
[cat_smooth: 10]
[max_cat_to_onehot: 4]
[top_k: 20]
[monotone_constraints: ]
[monotone_constraints_method: basic]
[monotone_penalty: 0]
[feature_contri: ]
[forcedsplits_filename: ]
[refit_decay_rate: 0.9]
[cegb_tradeoff: 1]
[cegb_penalty_split: 0]
[cegb_penalty_feature_lazy: ]
[cegb_penalty_feature_coupled: ]
[path_smooth: 0]
[interaction_constraints: ]
[verbosity: -1]
[saved_feature_importance_type: 0]
[use_quantized_grad: 0]
[num_grad_quant_bins: 4]
[quant_train_renew_leaf: 0]
[stochastic_rounding: 1]
[linear_tree: 0]
[max_bin: 255]
[max_bin_by_feature: ]
[min_data_in_bin: 3]
[bin_construct_sample_cnt: 200000]
[data_random_seed: 175]
[is_enable_sparse: 1]
[enable_bundle: 1]
[use_missing: 1]
[zero_as_missing: 0]
[feature_pre_filter: 1]
[pre_partition: 0]
[two_round: 0]
[header: 0]
[label_column: ]
[weight_column: ]
[group_column: ]
[ignore_column: ]
[categorical_feature: ]
[forcedbins_filename: ]
[precise_float_parser: 0]
[parser_config_file: ]
[objective_seed: 16083]
[num_class: 1]
[is_unbalance: 0]
[scale_pos_weight: 1]
[sigmoid: 1]
[boost_from_average: 1]
[reg_sqrt: 0]
[alpha: 0.9]
[fair_c: 1]
[poisson_max_delta_step: 0.7]
[tweedie_variance_power: 1.5]
[lambdarank_truncation_level: 30]
[lambdarank_norm: 1]
[label_gain: ]
[lambdarank_position_bias_regularization: 0]
[eval_at: ]
[multi_error_top_k: 1]
[auc_mu_weights: ]
[num_machines: 1]
[local_listen_port: 12400]
[time_out: 120]
[machine_list_filename: ]
[machines: ]
[gpu_platform_id: -1]
[gpu_device_id: -1]
[gpu_use_dp: 0]
[num_gpu: 1]

end of parameters

pandas_categorical:[]
